! Probe	Frequency	Pt Number	X pos	Y pos	Gamma s11	Phi s11	Gamma s12	Phi s12	Gamma s21	Phi s21	Gamma s22	Phi s22	loss
1	3	1	0	0	0.01196	-177.22	0.97824	-164.1	0.99176	-163.36	0.01289	-164.94	0.07
1	3	2	0	2438	0.0121	-176.38	0.97766	-164.08	0.99228	-163.36	0.01293	-164.83	0.07
1	3	3	250	2438	0.01203	-177.08	0.97784	-164.12	0.99157	-163.34	0.01301	-164.69	0.07
1	3	4	500	2438	0.01214	-176.77	0.97803	-164.04	0.99164	-163.36	0.01314	-165.13	0.07
1	3	5	750	2438	0.01193	-178.12	0.97756	-164.15	0.99151	-163.33	0.01306	-164.74	0.07
1	3	6	1000	2438	0.01194	-177.44	0.97779	-164.11	0.99169	-163.37	0.01304	-163.66	0.07
1	3	7	1250	2438	0.01221	-177.14	0.97811	-164.07	0.99276	-163.35	0.01284	-164.08	0.06
1	3	8	1500	2438	0.01211	-176.94	0.9779	-164.06	0.99199	-163.31	0.01281	-165.14	0.07
1	3	9	1750	2438	0.01217	-177.83	0.9789	-164.06	0.99115	-163.36	0.01304	-164.51	0.08
1	3	10	2000	2438	0.01191	-177.62	0.97872	-164	0.99208	-163.38	0.0127	-164.6	0.07
1	3	11	2250	2438	0.01199	-176.89	0.97856	-164.11	0.99206	-163.31	0.0128	-164.88	0.07
1	3	12	2500	2438	0.0119	-178.35	0.97832	-164.1	0.99245	-163.34	0.01275	-165.77	0.07
1	3	13	2750	2438	0.01183	-177.2	0.97851	-164.06	0.99209	-163.36	0.01278	-164.93	0.07
1	3	14	3000	2438	0.012	-177.79	0.97894	-164.16	0.99131	-163.37	0.01288	-164.55	0.08
1	3	15	3250	2438	0.01213	-177.19	0.97905	-164.07	0.99135	-163.36	0.01302	-165.31	0.07
1	3	16	3500	2438	0.01211	-176.74	0.97832	-164.07	0.99097	-163.34	0.01294	-165.04	0.08
1	3	17	3750	2438	0.01187	-177.27	0.97786	-164.1	0.99158	-163.39	0.01301	-164.03	0.07
1	3	18	4000	2438	0.0119	-176.98	0.97744	-164.13	0.99121	-163.32	0.01297	-164.87	0.08
1	3	19	4250	2438	0.01207	-177.52	0.97947	-164.06	0.9912	-163.31	0.01299	-164.53	0.08
1	3	20	4500	2438	0.01207	-177.14	0.97808	-164.11	0.99207	-163.34	0.01293	-164.66	0.07
1	3	21	4750	2438	0.0122	-176.9	0.97868	-164.09	0.99266	-163.35	0.01285	-165.48	0.06
1	3	22	5000	2438	0.01212	-177.62	0.9778	-164.08	0.99187	-163.41	0.01302	-164.4	0.07
1	3	23	5250	2438	0.01194	-177.38	0.97721	-164.08	0.99158	-163.32	0.01289	-164.46	0.07
1	3	24	5500	2438	0.01195	-177.53	0.97834	-164.11	0.99273	-163.31	0.01276	-165.01	0.06
1	3	25	5750	2438	0.01179	-177.42	0.97835	-164.08	0.99155	-163.39	0.01289	-164.3	0.07
1	3	26	6000	2438	0.01203	-177.47	0.97781	-164.08	0.99163	-163.39	0.01283	-163.75	0.07
1	3	27	6250	2438	0.01199	-177.98	0.97733	-164.09	0.99109	-163.37	0.01298	-164.55	0.08
1	3	28	6500	2438	0.01189	-178.01	0.97775	-164.16	0.99188	-163.34	0.01279	-164.32	0.07
1	3	29	6750	2438	0.01184	-177.88	0.97796	-164.09	0.99199	-163.33	0.01293	-165.8	0.07
1	3	30	7000	2438	0.01178	-177.86	0.97775	-164.17	0.99187	-163.27	0.01284	-165.81	0.07
1	3	31	7250	2438	0.01193	-176.27	0.97772	-164.1	0.99296	-163.3	0.01274	-164.97	0.06
1	3	32	7500	2438	0.01204	-177.37	0.97821	-164.1	0.99178	-163.33	0.01296	-165.33	0.07
1	3	33	7750	2438	0.01188	-177.3	0.97829	-164.07	0.99237	-163.35	0.01276	-164.76	0.07
1	3	34	8000	2438	0.01207	-176.82	0.97816	-164.04	0.99161	-163.39	0.01296	-165.03	0.07
1	3	35	8250	2438	0.01204	-176.41	0.97797	-164.09	0.99235	-163.35	0.0129	-165.17	0.07
1	3	36	8500	2438	0.01211	-177.42	0.97843	-164.08	0.99245	-163.37	0.01283	-165.05	0.07
1	3	37	8750	2438	0.01207	-177.51	0.97892	-164.12	0.99225	-163.27	0.0128	-165.91	0.07
1	3	38	9000	2438	0.01214	-177.04	0.9777	-164.1	0.99248	-163.32	0.01273	-164.89	0.06
1	3	39	9250	2438	0.01207	-177.64	0.97871	-164.05	0.99255	-163.35	0.01274	-164.14	0.06
1	3	40	9500	2438	0.01229	-177.48	0.97824	-164.11	0.99199	-163.36	0.01291	-164.4	0.07
1	3	41	9750	2438	0.01207	-177.94	0.97842	-164.11	0.99242	-163.34	0.01278	-164.65	0.07
1	3	42	10000	2438	0.01181	-177.37	0.97807	-164.09	0.992	-163.31	0.01284	-165.33	0.07
1	3	43	10250	2438	0.01192	-177.66	0.97789	-164.08	0.99255	-163.31	0.01286	-165.47	0.06
1	3	44	10500	2438	0.012	-177.25	0.9782	-164.03	0.99242	-163.32	0.01289	-165.46	0.07
1	3	45	10750	2438	0.01205	-178.16	0.97858	-164.06	0.99211	-163.36	0.01294	-165.72	0.07
1	3	46	11000	2438	0.01196	-177.17	0.9782	-164.06	0.99269	-163.36	0.01265	-165.17	0.06
1	3	47	11250	2438	0.01187	-176.68	0.97778	-164.07	0.99189	-163.35	0.01294	-165.87	0.07
1	3	48	11500	2438	0.01209	-176.9	0.97918	-164.07	0.99164	-163.38	0.01289	-164.74	0.07
1	3	49	11750	2438	0.01196	-177.41	0.97802	-164.09	0.99232	-163.32	0.01285	-165.93	0.07
1	3	50	12000	2438	0.01203	-177.67	0.97793	-164.1	0.99248	-163.32	0.01293	-165.72	0.06
1	3	51	12250	2438	0.01214	-176.36	0.97895	-164.09	0.99275	-163.33	0.01283	-164.5	0.06
1	3	52	12500	2438	0.01177	-176.39	0.97736	-164.05	0.9928	-163.36	0.01291	-165.09	0.06
1	3	53	12750	2438	0.01195	-177.27	0.97872	-164.09	0.99172	-163.33	0.01273	-164.36	0.07
1	3	54	13000	2438	0.01224	-178.01	0.97891	-164.08	0.99185	-163.37	0.01286	-164.19	0.07
1	3	55	13250	2438	0.01207	-177.62	0.9786	-164.11	0.99328	-163.33	0.01255	-164.81	0.06
1	3	56	13500	2438	0.01192	-177.45	0.97825	-164.12	0.99211	-163.34	0.0127	-163.98	0.07
1	3	57	13750	2438	0.01192	-177.39	0.9783	-164.04	0.99173	-163.34	0.01306	-164.89	0.07
1	3	58	14000	2438	0.01177	-176.89	0.97758	-164.06	0.9912	-163.38	0.01295	-164.83	0.08
1	3	59	14250	2438	0.01186	-177.51	0.97889	-164.04	0.9921	-163.41	0.01269	-164.48	0.07
1	3	60	14500	2438	0.01178	-177.45	0.9778	-164.06	0.99176	-163.4	0.01271	-165.12	0.07
1	3	61	14750	2438	0.01188	-176.69	0.97745	-164.07	0.99222	-163.33	0.01267	-165.35	0.07
1	3	62	0	4877	0.01225	-160.77	0.97829	-164.12	0.99177	-163.44	0.01536	-174.61	0.07
1	3	63	250	4877	0.01398	-163.71	0.97787	-164.09	0.99207	-163.36	0.01604	-170.7	0.07
1	3	64	500	4877	0.01452	-168.6	0.97794	-164.13	0.99311	-163.42	0.01625	-165.84	0.06
1	3	65	750	4877	0.01497	-173.57	0.97683	-164.14	0.9922	-163.39	0.01624	-161.12	0.07
1	3	66	1000	4877	0.01552	-178.16	0.97695	-164.1	0.99274	-163.34	0.01566	-157.37	0.06
1	3	67	1250	4877	0.01514	176.89	0.97821	-164.07	0.99248	-163.39	0.01473	-152.1	0.06
1	3	68	1500	4877	0.01438	172.34	0.97799	-164.04	0.99306	-163.32	0.01332	-149.89	0.06
1	3	69	1750	4877	0.01347	168.16	0.97827	-164.09	0.99225	-163.3	0.01207	-149.59	0.07
1	3	70	2000	4877	0.01218	165.89	0.97851	-164.06	0.99254	-163.32	0.01073	-151.31	0.06
1	3	71	2250	4877	0.01085	165.92	0.97894	-164.09	0.99109	-163.34	0.00958	-157.01	0.08
1	3	72	2500	4877	0.00945	169.49	0.9796	-164.09	0.99094	-163.3	0.00931	-164.94	0.08
1	3	73	2750	4877	0.00862	176.53	0.97812	-164.12	0.99105	-163.36	0.00985	-172.71	0.08
1	3	74	3000	4877	0.00848	-175.36	0.979	-164.1	0.99082	-163.35	0.01052	-178.05	0.08
1	3	75	3250	4877	0.00918	-167.22	0.97871	-164.14	0.992	-163.35	0.01175	178.46	0.07
1	3	76	3500	4877	0.01029	-162.76	0.97919	-164.14	0.99113	-163.4	0.01323	179.8	0.08
1	3	77	3750	4877	0.01159	-160.47	0.97829	-164.17	0.99145	-163.44	0.01469	-177.26	0.07
1	3	78	4000	4877	0.01281	-162.14	0.97731	-164.2	0.99186	-163.35	0.01546	-174.05	0.07
1	3	79	4250	4877	0.01395	-165.24	0.97703	-164.16	0.99277	-163.41	0.01613	-169.54	0.06
1	3	80	4500	4877	0.01476	-169.04	0.97752	-164.12	0.99258	-163.37	0.01634	-164.97	0.06
1	3	81	4750	4877	0.01533	-173.66	0.97755	-164.05	0.99241	-163.43	0.01614	-160.51	0.07
1	3	82	5000	4877	0.01544	-179.62	0.97796	-164.12	0.99285	-163.3	0.01541	-155.1	0.06
1	3	83	5250	4877	0.01493	176.11	0.97747	-164.03	0.99219	-163.4	0.01437	-151.33	0.07
1	3	84	5500	4877	0.01418	171.57	0.9777	-164.07	0.99252	-163.34	0.01308	-148.59	0.06
1	3	85	5750	4877	0.01303	167.98	0.97803	-164.02	0.99252	-163.32	0.01152	-149.41	0.06
1	3	86	6000	4877	0.01175	167.32	0.97829	-163.99	0.99221	-163.33	0.01054	-152.79	0.07
1	3	87	6250	4877	0.01064	167.28	0.97898	-164.03	0.99175	-163.33	0.00927	-159.68	0.07
1	3	88	6500	4877	0.0093	171.1	0.97859	-164.1	0.9905	-163.39	0.00931	-166.25	0.08
1	3	89	6750	4877	0.00867	178.47	0.97888	-164.08	0.99078	-163.38	0.00997	-175.19	0.08
1	3	90	7000	4877	0.00879	-172.4	0.97848	-164.15	0.99089	-163.34	0.011	-179.2	0.08
1	3	91	7250	4877	0.00926	-166.64	0.97915	-164.14	0.99081	-163.4	0.01233	179.3	0.08
1	3	92	7500	4877	0.01078	-160.3	0.97799	-164.13	0.99166	-163.4	0.01355	-179.61	0.07
1	3	93	7750	4877	0.01173	-161.61	0.9776	-164.18	0.99173	-163.41	0.01498	-176.19	0.07
1	3	94	8000	4877	0.01313	-162.8	0.97749	-164.14	0.99207	-163.39	0.01593	-172.99	0.07
1	3	95	8250	4877	0.01414	-166.76	0.97792	-164.15	0.99249	-163.4	0.01626	-167.58	0.06
1	3	96	8500	4877	0.01489	-171.74	0.9774	-164.12	0.99251	-163.47	0.01629	-162.2	0.06
1	3	97	8750	4877	0.01534	-176.3	0.97744	-164.03	0.9924	-163.42	0.01603	-157.68	0.07
1	3	98	9000	4877	0.01524	178.49	0.97777	-164.08	0.99262	-163.31	0.01498	-154.72	0.06
1	3	99	9250	4877	0.01485	174.55	0.97838	-164.06	0.99241	-163.4	0.01393	-150.88	0.07
1	3	100	9500	4877	0.01384	170.38	0.97762	-164.01	0.99224	-163.36	0.01295	-148.98	0.07
1	3	101	9750	4877	0.0127	167.18	0.9783	-164.08	0.99223	-163.33	0.01135	-150.08	0.07
1	3	102	10000	4877	0.01146	165.88	0.97929	-164.11	0.99103	-163.28	0.0102	-153.98	0.08
1	3	103	10250	4877	0.01028	167.9	0.97902	-164.12	0.99232	-163.32	0.00945	-161.13	0.07
1	3	104	10500	4877	0.00899	172.56	0.97924	-164.08	0.99168	-163.34	0.0094	-169.93	0.07
1	3	105	10750	4877	0.00849	-178.4	0.97842	-164.08	0.99187	-163.35	0.01014	-177.09	0.07
1	3	106	11000	4877	0.00892	-170.08	0.97907	-164.1	0.99125	-163.39	0.01137	-179.51	0.08
1	3	107	11250	4877	0.00978	-163.45	0.97835	-164.14	0.99099	-163.38	0.01286	179.55	0.08
1	3	108	11500	4877	0.01108	-161.17	0.97781	-164.17	0.99148	-163.35	0.01427	-178.77	0.07
1	3	109	11750	4877	0.01202	-161.24	0.97712	-164.15	0.99187	-163.4	0.0152	-175.24	0.07
1	3	110	12000	4877	0.01336	-163.45	0.97715	-164.18	0.99289	-163.44	0.01597	-171.02	0.06
1	3	111	12250	4877	0.01447	-167.67	0.97706	-164.07	0.99254	-163.41	0.01626	-166.79	0.06
1	3	112	12500	4877	0.01503	-171.32	0.97691	-164.09	0.99281	-163.4	0.01626	-161.67	0.06
1	3	113	12750	4877	0.01538	-177.66	0.97701	-164.11	0.99211	-163.35	0.01584	-157.29	0.07
1	3	114	13000	4877	0.01553	177.75	0.97855	-164.03	0.99227	-163.39	0.01496	-152.33	0.07
1	3	115	13250	4877	0.01454	172.34	0.97803	-164.07	0.99255	-163.38	0.01358	-149.86	0.06
1	3	116	13500	4877	0.01377	169.55	0.9784	-164.01	0.99262	-163.33	0.01208	-148.85	0.06
1	3	117	13750	4877	0.0122	167.37	0.97793	-164.01	0.99087	-163.35	0.01108	-150.96	0.08
1	3	118	14000	4877	0.01103	166.98	0.97851	-164.04	0.99217	-163.3	0.00976	-156.04	0.07
1	3	119	14250	4877	0.00978	169.31	0.97889	-164.07	0.99118	-163.39	0.00922	-162.84	0.08
1	3	120	14500	4877	0.00892	174.26	0.97913	-164.11	0.99172	-163.32	0.00972	-172.35	0.07
1	3	121	14750	4877	0.00865	-176.59	0.97855	-164.1	0.99069	-163.37	0.01077	-177.44	0.08
1	3	122	0	7316	0.20008	-91.91	0.93931	-167.17	0.96594	-166.15	0.21346	147.29	0.12
1	3	123	250	7316	0.20475	-114.45	0.92504	-166.69	0.98167	-166	0.21736	169.05	-0.03
1	3	124	500	7316	0.2086	-136.55	0.91391	-165.78	0.9964	-165.53	0.21858	-169.44	-0.16
1	3	125	750	7316	0.21114	-158.37	0.91097	-164.65	1.0062	-164.81	0.21867	-147.84	-0.25
1	3	126	1000	7316	0.21165	-179.84	0.91409	-163.52	1.0101	-163.82	0.21652	-126.29	-0.29
1	3	127	1250	7316	0.2104	158.5	0.92503	-162.47	1.00718	-162.94	0.21313	-104.21	-0.26
1	3	128	1500	7316	0.20741	136.79	0.93979	-161.8	0.99934	-162.11	0.2078	-81.74	-0.19
1	3	129	1750	7316	0.20331	114.62	0.95724	-161.51	0.9862	-161.51	0.20248	-58.77	-0.06
1	3	130	2000	7316	0.1982	92.01	0.97582	-161.74	0.97018	-161.27	0.19807	-35.13	0.09
1	3	131	2250	7316	0.19387	68.66	0.99075	-162.38	0.95492	-161.44	0.19468	-10.97	0.23
1	3	132	2500	7316	0.1902	44.88	1.00113	-163.23	0.9416	-162	0.19339	13.54	0.36
1	3	133	2750	7316	0.18835	20.66	1.00401	-164.41	0.93373	-162.79	0.19424	37.81	0.44
1	3	134	3000	7316	0.18812	-3.6	0.99865	-165.58	0.93094	-163.73	0.19713	61.85	0.47
1	3	135	3250	7316	0.18969	-27.8	0.98678	-166.47	0.93334	-164.73	0.201	85.49	0.44
1	3	136	3500	7316	0.19283	-51.65	0.96966	-167.14	0.94267	-165.57	0.20555	108.51	0.35
1	3	137	3750	7316	0.19694	-75	0.95193	-167.26	0.95562	-166.01	0.21055	131.13	0.22
1	3	138	4000	7316	0.20089	-97.88	0.93443	-167.06	0.97093	-166.19	0.21465	153.16	0.08
1	3	139	4250	7316	0.20466	-120.33	0.92097	-166.47	0.98623	-165.89	0.21719	174.85	-0.07
1	3	140	4500	7316	0.20757	-142.38	0.91304	-165.47	0.99881	-165.35	0.21832	-163.65	-0.18
1	3	141	4750	7316	0.209	-164.1	0.91095	-164.3	1.00708	-164.58	0.21732	-142.04	-0.26
1	3	142	5000	7316	0.20888	174.38	0.9165	-163.18	1.01002	-163.55	0.21394	-120.25	-0.28
1	3	143	5250	7316	0.20658	152.63	0.92852	-162.29	1.00595	-162.63	0.20936	-98.05	-0.24
1	3	144	5500	7316	0.20319	130.77	0.94509	-161.67	0.99677	-161.87	0.20362	-75.28	-0.15
1	3	145	5750	7316	0.19849	108.29	0.96351	-161.57	0.98288	-161.31	0.19783	-51.91	-0.02
1	3	146	6000	7316	0.19341	85.33	0.9818	-161.8	0.96708	-161.17	0.19328	-27.7	0.13
1	3	147	6250	7316	0.18852	61.9	0.99573	-162.4	0.95142	-161.44	0.191	-3.17	0.28
1	3	148	6500	7316	0.18462	37.77	1.00124	-163.43	0.93848	-162.05	0.19165	21.2	0.4
1	3	149	6750	7316	0.18356	13.11	1.00229	-164.61	0.93197	-162.94	0.194	45.66	0.46
1	3	150	7000	7316	0.18491	-11.26	0.99562	-165.69	0.93051	-163.92	0.19715	69.74	0.47
1	3	151	7250	7316	0.18786	-35.35	0.98261	-166.54	0.93648	-164.83	0.20167	93.14	0.41
1	3	152	7500	7316	0.19162	-58.96	0.96456	-167.07	0.9469	-165.55	0.20642	115.94	0.31
1	3	153	7750	7316	0.19578	-82.26	0.94725	-167.2	0.96063	-166.02	0.21112	138.28	0.18
1	3	154	8000	7316	0.19976	-105.2	0.93049	-166.86	0.97595	-166.15	0.21484	160.21	0.03
1	3	155	8250	7316	0.20354	-127.6	0.91786	-166.27	0.99062	-165.85	0.21674	-178.25	-0.1
1	3	156	8500	7316	0.20626	-149.48	0.91201	-165.18	1.00206	-165.3	0.21737	-156.75	-0.21
1	3	157	8750	7316	0.20756	-171.18	0.91254	-164.11	1.00915	-164.42	0.21582	-135.16	-0.27
1	3	158	9000	7316	0.20733	167.06	0.9213	-163.12	1.0091	-163.5	0.213	-113.29	-0.27
1	3	159	9250	7316	0.20493	145.5	0.93356	-162.27	1.0034	-162.61	0.20779	-91.18	-0.22
1	3	160	9500	7316	0.20141	123.7	0.95082	-161.82	0.99326	-161.85	0.20257	-68.34	-0.12
1	3	161	9750	7316	0.19642	101.2	0.96855	-161.74	0.97747	-161.39	0.1971	-44.78	0.03
1	3	162	10000	7316	0.19201	78.24	0.98637	-162.13	0.9622	-161.4	0.1937	-20.81	0.17
1	3	163	10250	7316	0.18753	54.64	0.99847	-162.83	0.94781	-161.71	0.19131	3.66	0.31
1	3	164	10500	7316	0.18469	30.68	1.00317	-163.87	0.93794	-162.29	0.19138	28.09	0.41
1	3	165	10750	7316	0.18386	6.23	1.00158	-164.93	0.93196	-163.18	0.19366	52.47	0.46
1	3	166	11000	7316	0.18526	-18.09	0.99226	-165.92	0.93317	-164.15	0.19739	76.46	0.45
1	3	167	11250	7316	0.1877	-42.06	0.9769	-166.75	0.93883	-165.02	0.20227	99.8	0.39
1	3	168	11500	7316	0.1918	-65.72	0.96032	-167.15	0.9512	-165.64	0.20769	122.44	0.27
1	3	169	11750	7316	0.19676	-88.91	0.94094	-167.16	0.96561	-166.01	0.2125	144.65	0.13
1	3	170	12000	7316	0.2007	-111.72	0.92581	-166.76	0.98003	-166.06	0.21586	166.51	0
1	3	171	12250	7316	0.20416	-134.02	0.9155	-165.98	0.9936	-165.73	0.21818	-171.94	-0.13
1	3	172	12500	7316	0.20676	-155.8	0.91153	-164.92	1.00438	-165.06	0.2182	-150.59	-0.23
1	3	173	12750	7316	0.20759	-177.52	0.91431	-163.86	1.00864	-164.15	0.21637	-128.96	-0.27
1	3	174	13000	7316	0.20681	160.93	0.92341	-162.83	1.00789	-163.18	0.21252	-106.99	-0.26
1	3	175	13250	7316	0.20436	139.12	0.93865	-162.13	1.00105	-162.31	0.20756	-84.57	-0.19
1	3	176	13500	7316	0.20068	117.17	0.95603	-161.75	0.98955	-161.64	0.20232	-61.56	-0.09
1	3	177	13750	7316	0.19539	94.51	0.97386	-161.79	0.97211	-161.35	0.19729	-37.85	0.08
1	3	178	14000	7316	0.19114	71.3	0.99039	-162.2	0.95771	-161.42	0.19426	-13.45	0.21
1	3	179	14250	7316	0.18737	47.53	1.0001	-163.16	0.94387	-161.79	0.19249	10.91	0.35
1	3	180	14500	7316	0.18547	23.5	1.00436	-164.21	0.93524	-162.54	0.19364	35.21	0.43
1	3	181	14750	7316	0.18494	-0.8	1.00014	-165.29	0.93131	-163.54	0.19615	59.42	0.47
1	3	182	0	7470	0.25607	-91.11	0.92132	-167.81	0.95203	-166.78	0.27017	146.82	0.13
1	3	183	250	7470	0.25983	-113.74	0.90135	-167.22	0.97115	-166.59	0.27338	168.81	-0.05
1	3	184	500	7470	0.26351	-136.04	0.89008	-166.01	0.98769	-166.02	0.27591	-169.38	-0.2
1	3	185	750	7470	0.26596	-157.96	0.88496	-164.56	1.00032	-165	0.27576	-147.63	-0.32
1	3	186	1000	7470	0.26667	-179.84	0.88916	-163.16	1.00624	-163.81	0.27403	-125.77	-0.37
1	3	187	1250	7470	0.26561	158.35	0.90225	-161.9	1.00364	-162.55	0.26977	-103.6	-0.35
1	3	188	1500	7470	0.26244	136.34	0.92077	-160.98	0.99251	-161.49	0.2645	-80.99	-0.24
1	3	189	1750	7470	0.25843	114.08	0.94342	-160.68	0.97674	-160.71	0.25946	-57.97	-0.1
1	3	190	2000	7470	0.25366	91.27	0.96799	-160.91	0.95747	-160.46	0.25551	-34.39	0.09
1	3	191	2250	7470	0.24917	68.01	0.98682	-161.68	0.93725	-160.73	0.25206	-10.5	0.28
1	3	192	2500	7470	0.24537	44.42	0.99952	-162.94	0.92042	-161.4	0.25073	13.51	0.45
1	3	193	2750	7470	0.2438	20.5	1.0022	-164.36	0.91006	-162.43	0.25121	37.59	0.55
1	3	194	3000	7470	0.24392	-3.59	0.99636	-165.83	0.90758	-163.69	0.25393	61.35	0.58
1	3	195	3250	7470	0.24554	-27.34	0.98133	-167	0.91191	-164.92	0.2578	84.74	0.53
1	3	196	3500	7470	0.24809	-50.97	0.96029	-167.82	0.92112	-165.89	0.26242	107.83	0.44
1	3	197	3750	7470	0.25208	-74.22	0.93636	-168.08	0.93752	-166.56	0.26704	130.46	0.28
1	3	198	4000	7470	0.25598	-97.14	0.91595	-167.7	0.95622	-166.72	0.27175	152.78	0.09
1	3	199	4250	7470	0.2599	-119.66	0.89848	-166.9	0.97648	-166.43	0.27416	174.73	-0.1
1	3	200	4500	7470	0.26231	-141.88	0.88815	-165.68	0.99223	-165.71	0.27529	-163.49	-0.24
1	3	201	4750	7470	0.26406	-163.86	0.88582	-164.27	1.00355	-164.7	0.27394	-141.73	-0.34
1	3	202	5000	7470	0.26348	174.26	0.89264	-162.82	1.00578	-163.45	0.27083	-119.72	-0.36
1	3	203	5250	7470	0.26107	152.35	0.90781	-161.55	1.00217	-162.3	0.26612	-97.24	-0.33
1	3	204	5500	7470	0.25713	130.21	0.92827	-160.91	0.98911	-161.2	0.26028	-74.5	-0.2
1	3	205	5750	7470	0.25269	107.64	0.95189	-160.63	0.97203	-160.57	0.25434	-51.07	-0.04
1	3	206	6000	7470	0.24772	84.59	0.97514	-160.93	0.9519	-160.43	0.25013	-27.06	0.15
1	3	207	6250	7470	0.24324	61.18	0.99232	-161.76	0.93332	-160.74	0.24727	-2.82	0.33
1	3	208	6500	7470	0.23873	37.39	1.00046	-163.11	0.91689	-161.51	0.24869	21.29	0.5
1	3	209	6750	7470	0.23803	13	1.00026	-164.57	0.90825	-162.62	0.25069	45.53	0.58
1	3	210	7000	7470	0.24013	-10.97	0.99108	-165.98	0.90776	-163.85	0.25377	69.28	0.58
1	3	211	7250	7470	0.24323	-34.77	0.97476	-167.09	0.91456	-165.04	0.25812	92.52	0.51
1	3	212	7500	7470	0.24687	-58.2	0.95348	-167.68	0.92796	-166.04	0.26304	115.32	0.38
1	3	213	7750	7470	0.2507	-81.56	0.93057	-167.89	0.94416	-166.59	0.26746	137.8	0.22
1	3	214	8000	7470	0.2548	-104.46	0.91026	-167.48	0.96353	-166.72	0.27161	159.88	0.03
1	3	215	8250	7470	0.2583	-127.01	0.89556	-166.65	0.98222	-166.35	0.27404	-178.32	-0.14
1	3	216	8500	7470	0.26063	-149.09	0.88749	-165.33	0.99567	-165.6	0.27457	-156.67	-0.27
1	3	217	8750	7470	0.2623	-171.16	0.88852	-163.9	1.00502	-164.6	0.2733	-134.71	-0.35
1	3	218	9000	7470	0.26169	166.97	0.89776	-162.63	1.00577	-163.33	0.26973	-112.7	-0.36
1	3	219	9250	7470	0.25924	145.02	0.91367	-161.57	0.99903	-162.24	0.2647	-90.33	-0.29
1	3	220	9500	7470	0.25554	123.05	0.93549	-160.95	0.98441	-161.25	0.2592	-67.49	-0.16
1	3	221	9750	7470	0.25078	100.51	0.9588	-160.88	0.9658	-160.71	0.25426	-44.06	0.02
1	3	222	10000	7470	0.24591	77.54	0.9799	-161.36	0.9451	-160.62	0.25004	-20.14	0.22
1	3	223	10250	7470	0.24162	54.04	0.99508	-162.29	0.92787	-161.05	0.24776	4.07	0.39
1	3	224	10500	7470	0.23909	30.39	1.00325	-163.53	0.91491	-161.87	0.24821	28.14	0.52
1	3	225	10750	7470	0.23887	6.34	1.0001	-165	0.90878	-162.99	0.25026	52.14	0.58
1	3	226	11000	7470	0.23998	-17.66	0.98828	-166.25	0.9095	-164.23	0.25423	75.93	0.57
1	3	227	11250	7470	0.2428	-41.52	0.96885	-167.29	0.9177	-165.32	0.25902	99.14	0.48
1	3	228	11500	7470	0.24635	-64.88	0.94715	-167.84	0.93103	-166.13	0.26426	121.84	0.35
1	3	229	11750	7470	0.25107	-88.19	0.92446	-167.84	0.95044	-166.66	0.26924	144.17	0.16
1	3	230	12000	7470	0.25553	-111.06	0.90567	-167.33	0.96942	-166.69	0.27328	166.2	-0.02
1	3	231	12250	7470	0.25868	-133.37	0.89126	-166.26	0.98579	-166.23	0.27537	-171.99	-0.18
1	3	232	12500	7470	0.26126	-155.49	0.88748	-165.01	0.99957	-165.38	0.27587	-150.38	-0.3
1	3	233	12750	7470	0.26234	-177.45	0.88957	-163.59	1.00672	-164.22	0.27351	-128.49	-0.37
1	3	234	13000	7470	0.26127	160.72	0.90116	-162.2	1.00437	-162.9	0.26992	-106.14	-0.34
1	3	235	13250	7470	0.25893	138.71	0.92047	-161.33	0.99534	-161.82	0.26493	-83.7	-0.26
1	3	236	13500	7470	0.25471	116.61	0.94222	-160.89	0.97904	-160.93	0.2595	-60.74	-0.11
1	3	237	13750	7470	0.24993	93.87	0.96534	-160.95	0.95971	-160.52	0.25448	-37.01	0.08
1	3	238	14000	7470	0.24533	70.64	0.98578	-161.6	0.93944	-160.64	0.25129	-12.97	0.27
1	3	239	14250	7470	0.24181	47.03	0.99798	-162.65	0.92266	-161.19	0.24977	11.22	0.44
1	3	240	14500	7470	0.24003	23.3	1.00256	-164.02	0.91192	-162.14	0.25063	35.2	0.54
1	3	241	14750	7470	0.24005	-0.7	0.99722	-165.41	0.90759	-163.35	0.25361	59.18	0.58
1	3	242	0	7624	0.32478	-90.34	0.89473	-168.62	0.92938	-167.3	0.34071	146.54	0.15
1	3	243	250	7624	0.32824	-112.99	0.87047	-167.74	0.95253	-167.08	0.34435	168.74	-0.07
1	3	244	500	7624	0.33197	-135.47	0.85543	-166.31	0.97422	-166.41	0.34669	-169.28	-0.28
1	3	245	750	7624	0.33479	-157.59	0.84946	-164.47	0.99008	-165.09	0.34679	-147.25	-0.43
1	3	246	1000	7624	0.33572	-179.66	0.8548	-162.63	0.99786	-163.56	0.34518	-125.16	-0.5
1	3	247	1250	7624	0.33434	158.29	0.86983	-160.94	0.99387	-162.09	0.34114	-102.8	-0.46
1	3	248	1500	7624	0.33121	136.09	0.89421	-159.85	0.97987	-160.72	0.33609	-80.22	-0.33
1	3	249	1750	7624	0.32655	113.72	0.9223	-159.39	0.9588	-159.77	0.33063	-57.18	-0.12
1	3	250	2000	7624	0.32159	90.89	0.95105	-159.64	0.93447	-159.45	0.32595	-33.75	0.11
1	3	251	2250	7624	0.31713	67.76	0.97662	-160.67	0.90961	-159.71	0.32275	-10.04	0.36
1	3	252	2500	7624	0.3143	44.15	0.992	-162.38	0.89027	-160.6	0.32095	13.73	0.56
1	3	253	2750	7624	0.31257	20.51	0.99553	-164.18	0.87781	-161.89	0.32173	37.57	0.69
1	3	254	3000	7624	0.31288	-3.22	0.98686	-165.98	0.8739	-163.45	0.3244	61.16	0.72
1	3	255	3250	7624	0.31448	-26.86	0.96903	-167.47	0.87867	-165.01	0.32827	84.45	0.67
1	3	256	3500	7624	0.31719	-50.33	0.94267	-168.43	0.89144	-166.29	0.33269	107.48	0.54
1	3	257	3750	7624	0.32046	-73.56	0.91421	-168.8	0.91149	-167.13	0.33747	130.18	0.33
1	3	258	4000	7624	0.32465	-96.41	0.88757	-168.4	0.93594	-167.38	0.34194	152.55	0.09
1	3	259	4250	7624	0.32793	-119	0.86684	-167.39	0.95974	-166.97	0.34496	174.63	-0.14
1	3	260	4500	7624	0.33056	-141.36	0.85465	-165.75	0.97982	-166.06	0.34617	-163.29	-0.33
1	3	261	4750	7624	0.33175	-163.52	0.85145	-163.99	0.99259	-164.69	0.34503	-141.28	-0.44
1	3	262	5000	7624	0.33123	174.38	0.85949	-162.16	0.99732	-163.17	0.34182	-119.1	-0.48
1	3	263	5250	7624	0.32851	152.26	0.8779	-160.63	0.99111	-161.58	0.33685	-96.54	-0.42
1	3	264	5500	7624	0.32464	129.96	0.90341	-159.69	0.97602	-160.3	0.33094	-73.66	-0.27
1	3	265	5750	7624	0.31988	107.29	0.93343	-159.31	0.95397	-159.47	0.32498	-50.17	-0.06
1	3	266	6000	7624	0.31519	84.23	0.96003	-159.82	0.92893	-159.29	0.3197	-26.32	0.19
1	3	267	6250	7624	0.31087	60.93	0.98333	-160.89	0.90584	-159.72	0.31772	-2.26	0.42
1	3	268	6500	7624	0.30606	37.35	0.99275	-162.44	0.88591	-160.73	0.31904	21.62	0.63
1	3	269	6750	7624	0.30558	13.17	0.99316	-164.35	0.87467	-162.21	0.32138	45.48	0.74
1	3	270	7000	7624	0.30812	-10.65	0.98181	-166.19	0.87392	-163.77	0.32432	69.04	0.74
1	3	271	7250	7624	0.31117	-34.2	0.96045	-167.53	0.8824	-165.23	0.32835	92.31	0.64
1	3	272	7500	7624	0.31478	-57.49	0.93503	-168.35	0.89773	-166.43	0.33377	115.03	0.48
1	3	273	7750	7624	0.31828	-80.68	0.90673	-168.52	0.91851	-167.14	0.33833	137.52	0.27
1	3	274	8000	7624	0.32238	-103.67	0.88167	-168.1	0.94271	-167.3	0.34246	159.7	0.04
1	3	275	8250	7624	0.32604	-126.38	0.86276	-167.01	0.96751	-166.85	0.34466	-178.3	-0.2
1	3	276	8500	7624	0.32779	-148.65	0.85263	-165.48	0.9842	-165.91	0.34539	-156.45	-0.36
1	3	277	8750	7624	0.32927	-170.92	0.85348	-163.64	0.99516	-164.58	0.34424	-134.37	-0.46
1	3	278	9000	7624	0.32916	166.97	0.86585	-161.93	0.99687	-163.04	0.34112	-112.11	-0.47
1	3	279	9250	7624	0.32645	144.87	0.88616	-160.64	0.98675	-161.55	0.33602	-89.7	-0.37
1	3	280	9500	7624	0.32268	122.72	0.91218	-159.84	0.96938	-160.34	0.33036	-66.83	-0.21
1	3	281	9750	7624	0.31783	100.11	0.94131	-159.68	0.94567	-159.68	0.32493	-43.35	0.02
1	3	282	10000	7624	0.31338	77.18	0.96743	-160.34	0.92221	-159.51	0.32057	-19.57	0.25
1	3	283	10250	7624	0.30943	53.86	0.98797	-161.53	0.9002	-160.09	0.31889	4.37	0.48
1	3	284	10500	7624	0.30699	30.35	0.99638	-163.16	0.88353	-161.16	0.31855	28.18	0.65
1	3	285	10750	7624	0.30674	6.63	0.99257	-164.91	0.87576	-162.56	0.32073	52.04	0.72
1	3	286	11000	7624	0.30793	-17.22	0.97818	-166.54	0.87676	-164.14	0.32473	75.65	0.71
1	3	287	11250	7624	0.31125	-40.87	0.95435	-167.77	0.88788	-165.58	0.32916	98.83	0.59
1	3	288	11500	7624	0.31472	-64.27	0.92678	-168.5	0.90434	-166.69	0.33472	121.49	0.42
1	3	289	11750	7624	0.31905	-87.43	0.89889	-168.48	0.92667	-167.28	0.34017	143.88	0.2
1	3	290	12000	7624	0.32323	-110.33	0.87459	-167.94	0.95054	-167.27	0.34392	166.04	-0.04
1	3	291	12250	7624	0.32656	-132.87	0.8582	-166.62	0.97165	-166.65	0.34641	-171.96	-0.24
1	3	292	12500	7624	0.32864	-155.08	0.85096	-164.97	0.98805	-165.5	0.34663	-150.14	-0.39
1	3	293	12750	7624	0.32988	-177.34	0.85541	-163.14	0.99665	-164.16	0.34489	-128.05	-0.47
1	3	294	13000	7624	0.32911	160.54	0.86991	-161.54	0.99455	-162.54	0.34135	-105.72	-0.45
1	3	295	13250	7624	0.32613	138.45	0.89232	-160.36	0.98295	-161.08	0.33629	-83.11	-0.34
1	3	296	13500	7624	0.3218	116.19	0.91969	-159.69	0.96212	-160.02	0.33053	-59.96	-0.14
1	3	297	13750	7624	0.31739	93.41	0.94874	-159.85	0.93858	-159.5	0.32577	-36.41	0.09
1	3	298	14000	7624	0.31319	70.31	0.97457	-160.61	0.9145	-159.58	0.32278	-12.48	0.33
1	3	299	14250	7624	0.30972	46.88	0.99055	-161.98	0.89289	-160.33	0.32058	11.42	0.55
1	3	300	14500	7624	0.30812	23.39	0.99676	-163.71	0.87917	-161.5	0.32157	35.21	0.69
1	3	301	14750	7624	0.30826	-0.3	0.98847	-165.39	0.87366	-163.04	0.32409	58.88	0.74
1	3	302	0	7779	0.39839	-89.58	0.85987	-169.18	0.89581	-167.8	0.41744	146.57	0.21
1	3	303	250	7779	0.40349	-112.36	0.8323	-168.12	0.926	-167.59	0.42171	168.93	-0.1
1	3	304	500	7779	0.40668	-134.89	0.81368	-166.42	0.95043	-166.68	0.42404	-168.95	-0.34
1	3	305	750	7779	0.40925	-157.07	0.80668	-164.21	0.96985	-165.05	0.42479	-146.84	-0.53
1	3	306	1000	7779	0.40957	-179.24	0.8117	-161.93	0.97728	-163.18	0.42276	-124.65	-0.6
1	3	307	1250	7779	0.4086	158.5	0.82931	-159.9	0.97349	-161.31	0.419	-102.2	-0.56
1	3	308	1500	7779	0.4049	136.19	0.85771	-158.4	0.95691	-159.62	0.41356	-79.42	-0.4
1	3	309	1750	7779	0.40092	113.77	0.89101	-157.79	0.93217	-158.5	0.40823	-56.37	-0.15
1	3	310	2000	7779	0.39554	90.87	0.92554	-158.24	0.90197	-158.08	0.40344	-33.07	0.16
1	3	311	2250	7779	0.3921	67.65	0.95611	-159.58	0.87406	-158.45	0.4	-9.55	0.44
1	3	312	2500	7779	0.38927	44.23	0.97503	-161.42	0.85084	-159.54	0.39843	14.25	0.69
1	3	313	2750	7779	0.38837	20.67	0.98009	-163.68	0.8366	-161.23	0.39872	37.85	0.84
1	3	314	3000	7779	0.38815	-2.94	0.97084	-165.93	0.83102	-163.12	0.40133	61.31	0.9
1	3	315	3250	7779	0.3901	-26.36	0.94828	-167.78	0.83778	-165.01	0.40484	84.48	0.82
1	3	316	3500	7779	0.39287	-49.67	0.91703	-169.02	0.85381	-166.54	0.40953	107.5	0.64
1	3	317	3750	7779	0.39617	-72.77	0.88312	-169.5	0.87703	-167.55	0.4144	130.13	0.4
1	3	318	4000	7779	0.39933	-95.75	0.85146	-169.03	0.90398	-167.88	0.41891	152.65	0.12
1	3	319	4250	7779	0.40304	-118.42	0.82704	-167.68	0.93421	-167.47	0.42215	174.97	-0.18
1	3	320	4500	7779	0.40451	-140.8	0.81165	-165.86	0.95782	-166.2	0.42323	-163.02	-0.4
1	3	321	4750	7779	0.40573	-163.19	0.80912	-163.62	0.97384	-164.65	0.42269	-140.81	-0.55
1	3	322	5000	7779	0.40508	174.64	0.81739	-161.31	0.97877	-162.69	0.41861	-118.44	-0.59
1	3	323	5250	7779	0.40217	152.43	0.83936	-159.44	0.97145	-160.71	0.41413	-95.78	-0.51
1	3	324	5500	7779	0.39802	129.94	0.86914	-158.21	0.95266	-159.27	0.40803	-72.9	-0.33
1	3	325	5750	7779	0.39326	107.13	0.90337	-157.83	0.92569	-158.22	0.40148	-49.42	-0.06
1	3	326	6000	7779	0.38905	84.08	0.93799	-158.41	0.89676	-157.99	0.39694	-25.71	0.23
1	3	327	6250	7779	0.38514	60.81	0.96482	-159.7	0.86896	-158.43	0.39398	-1.79	0.52
1	3	328	6500	7779	0.37945	37.46	0.97617	-161.74	0.8455	-159.68	0.39618	21.97	0.78
1	3	329	6750	7779	0.37969	13.46	0.97635	-164.08	0.83311	-161.52	0.39822	45.72	0.91
1	3	330	7000	7779	0.38254	-10.24	0.96473	-166.19	0.83264	-163.54	0.40151	69.2	0.9
1	3	331	7250	7779	0.38623	-33.57	0.93797	-167.96	0.84248	-165.28	0.405	92.25	0.79
1	3	332	7500	7779	0.39017	-56.75	0.90699	-168.97	0.86218	-166.71	0.41018	114.96	0.57
1	3	333	7750	7779	0.39343	-80.03	0.87378	-169.18	0.88625	-167.66	0.41507	137.55	0.32
1	3	334	8000	7779	0.397	-102.94	0.84411	-168.64	0.91504	-167.75	0.41919	159.8	0.03
1	3	335	8250	7779	0.39997	-125.69	0.82178	-167.3	0.94243	-167.21	0.42167	-178.08	-0.24
1	3	336	8500	7779	0.40174	-148.14	0.80909	-165.39	0.96378	-166.13	0.42228	-156.11	-0.44
1	3	337	8750	7779	0.40355	-170.6	0.81175	-163.17	0.97734	-164.42	0.42212	-133.91	-0.57
1	3	338	9000	7779	0.40251	167.12	0.82411	-161.08	0.97803	-162.52	0.41861	-111.62	-0.57
1	3	339	9250	7779	0.39985	144.87	0.84831	-159.31	0.96676	-160.75	0.41326	-88.95	-0.46
1	3	340	9500	7779	0.39631	122.56	0.8795	-158.41	0.9459	-159.27	0.40733	-66.09	-0.26
1	3	341	9750	7779	0.39172	100.04	0.91447	-158.27	0.9176	-158.36	0.40221	-42.63	0.02
1	3	342	10000	7779	0.38667	77.03	0.94586	-158.97	0.88696	-158.29	0.3976	-18.95	0.34
1	3	343	10250	7779	0.38316	53.71	0.97035	-160.42	0.86192	-159.02	0.39549	4.93	0.6
1	3	344	10500	7779	0.38139	30.44	0.98111	-162.55	0.84362	-160.31	0.3954	28.52	0.79
1	3	345	10750	7779	0.38114	6.88	0.97662	-164.7	0.83344	-162.03	0.39729	52.24	0.9
1	3	346	11000	7779	0.38284	-16.78	0.95967	-166.68	0.83589	-163.98	0.40137	75.73	0.87
1	3	347	11250	7779	0.38571	-40.25	0.93135	-168.19	0.84778	-165.74	0.40645	98.89	0.73
1	3	348	11500	7779	0.38926	-63.48	0.89704	-169.09	0.8679	-167.03	0.41144	121.54	0.52
1	3	349	11750	7779	0.39366	-86.72	0.86465	-169.06	0.8945	-167.8	0.4174	144.06	0.24
1	3	350	12000	7779	0.39758	-109.69	0.83625	-168.32	0.92258	-167.84	0.42199	166.2	-0.05
1	3	351	12250	7779	0.40088	-132.22	0.81692	-166.78	0.94897	-166.96	0.42433	-171.76	-0.31
1	3	352	12500	7779	0.40326	-154.62	0.80907	-164.83	0.96861	-165.6	0.42536	-149.79	-0.49
1	3	353	12750	7779	0.40355	-177.02	0.81236	-162.62	0.97811	-163.9	0.42356	-127.58	-0.58
1	3	354	13000	7779	0.40249	160.72	0.82889	-160.49	0.97558	-161.97	0.41957	-105.1	-0.55
1	3	355	13250	7779	0.39949	138.49	0.85572	-158.97	0.96116	-160.15	0.41441	-82.34	-0.41
1	3	356	13500	7779	0.39589	116.12	0.88912	-158.23	0.93721	-158.88	0.40924	-59.26	-0.18
1	3	357	13750	7779	0.39067	93.35	0.92304	-158.38	0.90639	-158.19	0.40413	-35.73	0.13
1	3	358	14000	7779	0.38702	70.25	0.95392	-159.36	0.87822	-158.28	0.40026	-11.91	0.42
1	3	359	14250	7779	0.38387	46.94	0.97381	-161	0.8535	-159.22	0.39823	11.89	0.68
1	3	360	14500	7779	0.38296	23.58	0.98106	-163.06	0.83788	-160.73	0.39966	35.57	0.85
1	3	361	14750	7779	0.38285	-0.09	0.97115	-165.24	0.83108	-162.6	0.40246	59.12	0.92
1	3	362	0	7878	0.45867	-89.07	0.82683	-169.51	0.86686	-168.13	0.47766	146.91	0.22
1	3	363	250	7878	0.46194	-111.78	0.79746	-168.42	0.89839	-167.79	0.48255	169.16	-0.11
1	3	364	500	7878	0.46551	-134.27	0.77659	-166.38	0.92721	-166.66	0.48501	-168.59	-0.4
1	3	365	750	7878	0.46785	-156.65	0.76818	-163.89	0.9474	-164.89	0.48621	-146.41	-0.6
1	3	366	1000	7878	0.46784	-178.87	0.7738	-161.22	0.95553	-162.77	0.48444	-124.06	-0.68
1	3	367	1250	7878	0.46679	158.86	0.79296	-158.93	0.9514	-160.52	0.48017	-101.61	-0.63
1	3	368	1500	7878	0.46376	136.47	0.82376	-157.21	0.93331	-158.65	0.4753	-78.8	-0.45
1	3	369	1750	7878	0.45839	113.94	0.86093	-156.58	0.90395	-157.38	0.46966	-55.79	-0.15
1	3	370	2000	7878	0.45402	91.02	0.89987	-156.98	0.87192	-156.9	0.46451	-32.44	0.19
1	3	371	2250	7878	0.45025	67.81	0.93258	-158.41	0.84052	-157.38	0.46037	-8.91	0.53
1	3	372	2500	7878	0.44769	44.47	0.95531	-160.56	0.81484	-158.66	0.45907	14.71	0.81
1	3	373	2750	7878	0.44621	20.98	0.96159	-163.18	0.79799	-160.56	0.45941	38.22	1
1	3	374	3000	7878	0.44713	-2.52	0.95106	-165.86	0.79361	-162.74	0.46182	61.52	1.04
1	3	375	3250	7878	0.44892	-25.88	0.92502	-167.93	0.80078	-164.93	0.465	84.7	0.95
1	3	376	3500	7878	0.45138	-49.05	0.89101	-169.38	0.81818	-166.63	0.46947	107.59	0.75
1	3	377	3750	7878	0.45506	-72.24	0.8533	-169.82	0.84462	-167.83	0.47494	130.33	0.46
1	3	378	4000	7878	0.45808	-95.08	0.8192	-169.39	0.87532	-168.09	0.47968	152.8	0.13
1	3	379	4250	7878	0.4612	-117.68	0.7918	-167.95	0.90762	-167.52	0.48348	175.12	-0.2
1	3	380	4500	7878	0.46349	-140.23	0.77489	-165.77	0.93539	-166.23	0.48429	-162.65	-0.47
1	3	381	4750	7878	0.46419	-162.64	0.77057	-163.18	0.95285	-164.34	0.48357	-140.38	-0.63
1	3	382	5000	7878	0.46327	174.99	0.78175	-160.54	0.95867	-162.17	0.48116	-117.85	-0.68
1	3	383	5250	7878	0.45988	152.67	0.80368	-158.36	0.9497	-159.98	0.4753	-95.22	-0.58
1	3	384	5500	7878	0.45549	130.22	0.83605	-156.92	0.92765	-158.1	0.46849	-72.21	-0.36
1	3	385	5750	7878	0.45127	107.38	0.87518	-156.44	0.8983	-157.03	0.4625	-48.77	-0.06
1	3	386	6000	7878	0.44634	84.28	0.91367	-157.08	0.86555	-156.76	0.45715	-25.05	0.29
1	3	387	6250	7878	0.44149	61.17	0.94234	-158.66	0.83379	-157.39	0.45539	-1.14	0.64
1	3	388	6500	7878	0.43653	37.63	0.9571	-161.03	0.80805	-158.84	0.45705	22.44	0.93
1	3	389	6750	7878	0.43791	13.82	0.95751	-163.64	0.79584	-160.9	0.45884	46.14	1.06
1	3	390	7000	7878	0.44187	-9.76	0.94318	-166.09	0.79594	-163.23	0.46161	69.49	1.04
1	3	391	7250	7878	0.44519	-33.1	0.91483	-168.04	0.80729	-165.29	0.46556	92.55	0.9
1	3	392	7500	7878	0.44877	-56.22	0.87919	-169.27	0.82751	-166.88	0.47026	115.22	0.67
1	3	393	7750	7878	0.45165	-79.36	0.84405	-169.59	0.85445	-167.88	0.47613	137.76	0.38
1	3	394	8000	7878	0.45536	-102.39	0.81011	-168.92	0.88667	-168.1	0.47979	160.08	0.04
1	3	395	8250	7878	0.45795	-125.18	0.78596	-167.46	0.91741	-167.39	0.48285	-177.8	-0.27
1	3	396	8500	7878	0.45927	-147.7	0.77308	-165.27	0.94086	-166.07	0.48424	-155.78	-0.5
1	3	397	8750	7878	0.46081	-170.2	0.77324	-162.69	0.95626	-164.17	0.48325	-133.51	-0.65
1	3	398	9000	7878	0.46008	167.35	0.7874	-160.37	0.95735	-162	0.48008	-111.12	-0.65
1	3	399	9250	7878	0.45757	145.05	0.81432	-158.33	0.94482	-159.92	0.47507	-88.4	-0.53
1	3	400	9500	7878	0.45392	122.77	0.84868	-157.12	0.92065	-158.24	0.46877	-65.42	-0.28
1	3	401	9750	7878	0.44999	100.1	0.88736	-157.03	0.8898	-157.25	0.46333	-42.07	0.03
1	3	402	10000	7878	0.44489	77.21	0.92313	-157.83	0.85596	-157.07	0.45882	-18.33	0.39
1	3	403	10250	7878	0.44115	54.02	0.94887	-159.55	0.82673	-157.94	0.4558	5.4	0.71
1	3	404	10500	7878	0.43939	30.79	0.96277	-161.78	0.80651	-159.49	0.45601	29.07	0.94
1	3	405	10750	7878	0.43983	7.25	0.95812	-164.32	0.79702	-161.55	0.45834	52.64	1.04
1	3	406	11000	7878	0.44175	-16.22	0.93791	-166.66	0.79943	-163.75	0.46173	76.01	1
1	3	407	11250	7878	0.44491	-39.68	0.90667	-168.43	0.81313	-165.75	0.4667	99.09	0.84
1	3	408	11500	7878	0.44804	-62.91	0.87031	-169.41	0.83511	-167.25	0.47297	121.72	0.59
1	3	409	11750	7878	0.45259	-86.09	0.83314	-169.53	0.86523	-168.1	0.47826	144.15	0.26
1	3	410	12000	7878	0.45578	-109	0.80249	-168.64	0.89544	-167.96	0.48315	166.43	-0.05
1	3	411	12250	7878	0.4591	-131.74	0.78015	-166.86	0.92532	-167.14	0.48572	-171.44	-0.35
1	3	412	12500	7878	0.46092	-154.2	0.77143	-164.55	0.94729	-165.61	0.4869	-149.4	-0.57
1	3	413	12750	7878	0.46166	-176.6	0.77473	-162	0.95765	-163.54	0.48486	-127.12	-0.67
1	3	414	13000	7878	0.46069	160.96	0.79376	-159.61	0.95518	-161.36	0.48209	-104.59	-0.64
1	3	415	13250	7878	0.45744	138.69	0.82137	-157.85	0.93795	-159.28	0.47563	-81.83	-0.46
1	3	416	13500	7878	0.45289	116.2	0.85826	-156.96	0.91011	-157.83	0.47053	-58.64	-0.18
1	3	417	13750	7878	0.44921	93.49	0.89676	-157.11	0.8775	-157	0.46512	-35.09	0.16
1	3	418	14000	7878	0.44461	70.37	0.93023	-158.13	0.84442	-157.21	0.46078	-11.29	0.51
1	3	419	14250	7878	0.44281	47.11	0.95464	-160.12	0.81902	-158.3	0.46002	12.46	0.79
1	3	420	14500	7878	0.44154	23.84	0.96242	-162.56	0.80049	-160.09	0.46053	35.9	0.99
1	3	421	14750	7878	0.44158	0.49	0.95196	-164.99	0.79383	-162.12	0.4631	59.42	1.06
1	3	422	0	7977	0.52596	-88.19	0.7854	-169.78	0.82703	-168.22	0.54619	147.31	0.24
1	3	423	250	7977	0.52907	-110.95	0.75321	-168.53	0.8612	-167.83	0.55128	169.69	-0.13
1	3	424	500	7977	0.53213	-133.56	0.73009	-166.29	0.89228	-166.61	0.55434	-168.07	-0.46
1	3	425	750	7977	0.53437	-155.98	0.721	-163.41	0.91479	-164.56	0.55553	-145.76	-0.69
1	3	426	1000	7977	0.53423	-178.25	0.72675	-160.4	0.92383	-162.02	0.55417	-123.46	-0.77
1	3	427	1250	7977	0.53259	159.34	0.74682	-157.62	0.91742	-159.59	0.55037	-100.82	-0.7
1	3	428	1500	7977	0.52962	136.81	0.77974	-155.66	0.89816	-157.47	0.54452	-78.02	-0.5
1	3	429	1750	7977	0.52521	114.3	0.82031	-154.9	0.86627	-155.91	0.53867	-55	-0.15
1	3	430	2000	7977	0.52028	91.44	0.86276	-155.38	0.83029	-155.4	0.53338	-31.74	0.24
1	3	431	2250	7977	0.51658	68.22	0.90074	-156.94	0.79561	-156.01	0.52936	-8.25	0.64
1	3	432	2500	7977	0.5143	44.85	0.92489	-159.43	0.76812	-157.49	0.52728	15.35	0.96
1	3	433	2750	7977	0.51392	21.42	0.9321	-162.43	0.75149	-159.76	0.52765	38.76	1.15
1	3	434	3000	7977	0.51503	-1.98	0.91977	-165.43	0.74736	-162.28	0.52948	62.03	1.19
1	3	435	3250	7977	0.51724	-25.28	0.89232	-167.92	0.75587	-164.72	0.5329	85.1	1.08
1	3	436	3500	7977	0.5192	-48.47	0.8552	-169.55	0.77447	-166.74	0.538	108.04	0.86
1	3	437	3750	7977	0.52211	-71.49	0.81426	-170.15	0.80247	-167.96	0.54313	130.7	0.53
1	3	438	4000	7977	0.52513	-94.39	0.7771	-169.57	0.83668	-168.3	0.54834	153.26	0.15
1	3	439	4250	7977	0.5275	-117.13	0.7477	-167.99	0.87125	-167.7	0.55239	175.64	-0.22
1	3	440	4500	7977	0.52922	-139.64	0.72856	-165.56	0.90036	-166.12	0.55378	-162.07	-0.52
1	3	441	4750	7977	0.5303	-162.05	0.72405	-162.56	0.92159	-163.97	0.55314	-139.7	-0.72
1	3	442	5000	7977	0.5289	175.59	0.73448	-159.6	0.92724	-161.36	0.55015	-117.24	-0.77
1	3	443	5250	7977	0.52536	153.13	0.75845	-157.09	0.91679	-158.89	0.54465	-94.47	-0.65
1	3	444	5500	7977	0.52166	130.56	0.79475	-155.4	0.89398	-156.85	0.53849	-71.4	-0.41
1	3	445	5750	7977	0.51714	107.67	0.83647	-154.82	0.86028	-155.62	0.53176	-48.01	-0.04
1	3	446	6000	7977	0.51332	84.65	0.87854	-155.55	0.82388	-155.21	0.52616	-24.25	0.35
1	3	447	6250	7977	0.50966	61.43	0.91296	-157.23	0.79068	-156.01	0.52345	-0.43	0.73
1	3	448	6500	7977	0.50333	38.21	0.92655	-159.89	0.7627	-157.73	0.52476	23.18	1.08
1	3	449	6750	7977	0.5035	14.34	0.92813	-162.91	0.74818	-160.2	0.52712	46.8	1.25
1	3	450	7000	7977	0.50876	-9.09	0.912	-165.84	0.74937	-162.71	0.52978	70.03	1.21
1	3	451	7250	7977	0.5123	-32.33	0.88184	-168.07	0.76162	-165.04	0.53387	93.04	1.04
1	3	452	7500	7977	0.51595	-55.43	0.84424	-169.45	0.78413	-166.94	0.5397	115.65	0.77
1	3	453	7750	7977	0.5193	-78.58	0.80334	-169.91	0.81484	-167.96	0.54429	138.16	0.41
1	3	454	8000	7977	0.52213	-101.65	0.76774	-169.25	0.84905	-168.14	0.54894	160.47	0.04
1	3	455	8250	7977	0.52467	-124.45	0.7408	-167.45	0.88316	-167.45	0.55208	-177.32	-0.32
1	3	456	8500	7977	0.52545	-147.07	0.72646	-165.08	0.90868	-165.87	0.55352	-155.3	-0.57
1	3	457	8750	7977	0.52673	-169.75	0.72641	-162.16	0.925	-163.7	0.55265	-132.97	-0.73
1	3	458	9000	7977	0.52597	167.77	0.74133	-159.23	0.92622	-161.27	0.54968	-110.41	-0.74
1	3	459	9250	7977	0.52338	145.41	0.77003	-157.04	0.91141	-158.83	0.54476	-87.73	-0.58
1	3	460	9500	7977	0.5197	123.08	0.80659	-155.61	0.88437	-156.9	0.53762	-64.76	-0.3
1	3	461	9750	7977	0.51504	100.37	0.84926	-155.4	0.84916	-155.8	0.53244	-41.29	0.08
1	3	462	10000	7977	0.51098	77.49	0.88949	-156.38	0.81309	-155.7	0.52811	-17.65	0.48
1	3	463	10250	7977	0.50787	54.37	0.91947	-158.23	0.78187	-156.67	0.5251	6.15	0.84
1	3	464	10500	7977	0.50637	31.18	0.93333	-160.88	0.76023	-158.52	0.52471	29.67	1.09
1	3	465	10750	7977	0.50762	7.91	0.92878	-163.78	0.75042	-160.75	0.52669	53.25	1.2
1	3	466	11000	7977	0.50897	-15.57	0.90661	-166.49	0.75302	-163.31	0.53028	76.55	1.16
1	3	467	11250	7977	0.51182	-39.01	0.87296	-168.54	0.76826	-165.67	0.53533	99.52	0.97
1	3	468	11500	7977	0.51504	-62.21	0.83231	-169.67	0.79258	-167.38	0.5414	122.19	0.68
1	3	469	11750	7977	0.51958	-85.34	0.79246	-169.79	0.82455	-168.23	0.54787	144.66	0.31
1	3	470	12000	7977	0.52281	-108.27	0.75797	-168.86	0.85808	-168.05	0.55255	166.85	-0.06
1	3	471	12250	7977	0.52529	-130.99	0.73431	-166.88	0.88979	-167.06	0.55592	-170.98	-0.39
1	3	472	12500	7977	0.52678	-153.58	0.72339	-164.23	0.91375	-165.32	0.55662	-148.91	-0.63
1	3	473	12750	7977	0.52731	-176.1	0.72802	-161.23	0.92525	-163.02	0.55578	-126.52	-0.74
1	3	474	13000	7977	0.52666	161.44	0.74657	-158.56	0.92275	-160.45	0.55173	-103.93	-0.71
1	3	475	13250	7977	0.52375	139.07	0.77776	-156.41	0.90376	-158.11	0.54611	-81.04	-0.51
1	3	476	13500	7977	0.5194	116.63	0.81722	-155.35	0.87287	-156.42	0.54049	-57.9	-0.18
1	3	477	13750	7977	0.51547	93.76	0.8592	-155.5	0.83685	-155.56	0.5346	-34.34	0.21
1	3	478	14000	7977	0.51147	70.78	0.89712	-156.75	0.80019	-155.81	0.53172	-10.56	0.62
1	3	479	14250	7977	0.509	47.6	0.92316	-158.98	0.77133	-157.02	0.52942	13.1	0.95
1	3	480	14500	7977	0.50904	24.46	0.93219	-161.67	0.75335	-159.07	0.52972	36.63	1.16
1	3	481	14750	7977	0.50988	1.05	0.92109	-164.55	0.74687	-161.56	0.53271	60.07	1.23
1	3	482	0	8076	0.5891	-87.41	0.7409	-169.91	0.78208	-168.23	0.61215	147.95	0.28
1	3	483	250	8076	0.59265	-110.18	0.70584	-168.54	0.8192	-167.78	0.61639	170.33	-0.15
1	3	484	500	8076	0.59577	-132.78	0.68165	-165.98	0.85158	-166.38	0.62047	-167.33	-0.51
1	3	485	750	8076	0.59743	-155.22	0.67115	-162.85	0.87528	-164.03	0.6218	-145.05	-0.76
1	3	486	1000	8076	0.59725	-177.54	0.67668	-159.4	0.8846	-161.18	0.62106	-122.6	-0.85
1	3	487	1250	8076	0.59505	160.01	0.69618	-156.36	0.87729	-158.45	0.61606	-99.99	-0.76
1	3	488	1500	8076	0.59258	137.54	0.73108	-154.07	0.85564	-156.02	0.61085	-77.16	-0.52
1	3	489	1750	8076	0.58925	114.86	0.77432	-153.18	0.82319	-154.36	0.60507	-54.17	-0.16
1	3	490	2000	8076	0.58377	91.98	0.81797	-153.64	0.78395	-153.84	0.59876	-30.82	0.3
1	3	491	2250	8076	0.58045	68.74	0.85952	-155.39	0.74745	-154.53	0.59472	-7.39	0.74
1	3	492	2500	8076	0.57792	45.45	0.88675	-158.2	0.71866	-156.25	0.59277	16.11	1.1
1	3	493	2750	8076	0.57777	22.15	0.89517	-161.58	0.70134	-158.75	0.59314	39.44	1.32
1	3	494	3000	8076	0.57895	-1.29	0.88218	-164.88	0.69708	-161.68	0.59473	62.71	1.36
1	3	495	3250	8076	0.58068	-24.51	0.8527	-167.78	0.70622	-164.38	0.59771	85.68	1.24
1	3	496	3500	8076	0.58343	-47.67	0.81348	-169.55	0.72659	-166.56	0.60295	108.64	0.97
1	3	497	3750	8076	0.58625	-70.67	0.77017	-170.28	0.75692	-167.91	0.60843	131.33	0.59
1	3	498	4000	8076	0.58837	-93.53	0.73113	-169.68	0.79251	-168.25	0.61447	153.87	0.17
1	3	499	4250	8076	0.59037	-116.18	0.69891	-167.94	0.82866	-167.49	0.61785	176.26	-0.23
1	3	500	4500	8076	0.59284	-138.79	0.67955	-165.27	0.86149	-165.77	0.61965	-161.39	-0.59
1	3	501	4750	8076	0.59302	-161.31	0.67361	-161.98	0.88253	-163.28	0.61926	-138.98	-0.8
1	3	502	5000	8076	0.59169	176.28	0.68485	-158.56	0.88854	-160.44	0.61674	-116.42	-0.85
1	3	503	5250	8076	0.58836	153.73	0.70936	-155.68	0.87725	-157.69	0.61138	-93.6	-0.71
1	3	504	5500	8076	0.5844	131.12	0.74677	-153.79	0.85138	-155.41	0.60455	-70.57	-0.42
1	3	505	5750	8076	0.5798	108.28	0.79221	-153.07	0.81518	-153.97	0.59833	-47.1	0
1	3	506	6000	8076	0.57612	85.2	0.83655	-153.75	0.77663	-153.69	0.59195	-23.29	0.44
1	3	507	6250	8076	0.57305	62.17	0.87288	-155.69	0.74146	-154.57	0.58966	0.52	0.87
1	3	508	6500	8076	0.56687	38.94	0.89012	-158.63	0.71249	-156.5	0.59039	24.05	1.26
1	3	509	6750	8076	0.56688	15.2	0.88995	-162.06	0.69791	-159.22	0.59235	47.52	1.44
1	3	510	7000	8076	0.57213	-8.28	0.87407	-165.3	0.69945	-162.14	0.59543	70.73	1.38
1	3	511	7250	8076	0.57591	-31.45	0.84197	-167.9	0.71272	-164.72	0.59949	93.63	1.19
1	3	512	7500	8076	0.57988	-54.54	0.80174	-169.48	0.73709	-166.76	0.60516	116.27	0.87
1	3	513	7750	8076	0.58319	-77.72	0.75909	-169.96	0.76962	-167.97	0.61015	138.77	0.47
1	3	514	8000	8076	0.58576	-100.78	0.72101	-169.22	0.80572	-168.18	0.61463	161.08	0.05
1	3	515	8250	8076	0.58755	-123.75	0.69292	-167.34	0.84122	-167.36	0.61828	-176.71	-0.34
1	3	516	8500	8076	0.58906	-146.34	0.67712	-164.57	0.87029	-165.55	0.61974	-154.57	-0.64
1	3	517	8750	8076	0.58956	-169	0.67681	-161.41	0.88616	-163.04	0.62011	-132.24	-0.8
1	3	518	9000	8076	0.58939	168.4	0.69183	-158.17	0.88785	-160.27	0.61644	-109.67	-0.82
1	3	519	9250	8076	0.58592	145.99	0.72096	-155.59	0.87086	-157.63	0.61114	-86.92	-0.63
1	3	520	9500	8076	0.58184	123.52	0.76133	-153.96	0.8413	-155.53	0.60529	-63.88	-0.29
1	3	521	9750	8076	0.57815	100.91	0.80547	-153.72	0.80411	-154.21	0.59889	-40.48	0.13
1	3	522	10000	8076	0.57435	78	0.84806	-154.73	0.76587	-154.15	0.59422	-16.75	0.58
1	3	523	10250	8076	0.57136	54.98	0.88089	-156.84	0.73305	-155.31	0.59126	6.97	0.98
1	3	524	10500	8076	0.5698	31.85	0.89599	-159.78	0.71018	-157.38	0.59044	30.47	1.27
1	3	525	10750	8076	0.57117	8.56	0.8915	-163.06	0.70024	-160	0.59187	53.95	1.38
1	3	526	11000	8076	0.57287	-14.84	0.86893	-166.06	0.70314	-162.89	0.59598	77.25	1.33
1	3	527	11250	8076	0.57556	-38.18	0.83242	-168.39	0.71933	-165.46	0.60154	100.19	1.11
1	3	528	11500	8076	0.5791	-61.31	0.78928	-169.71	0.7458	-167.24	0.60726	122.75	0.77
1	3	529	11750	8076	0.58338	-84.41	0.74689	-169.91	0.77945	-168.13	0.61392	145.17	0.36
1	3	530	12000	8076	0.58689	-107.49	0.71087	-168.85	0.81564	-168.05	0.61921	167.48	-0.06
1	3	531	12250	8076	0.58865	-130.28	0.68494	-166.67	0.84877	-166.92	0.62238	-170.34	-0.42
1	3	532	12500	8076	0.59014	-152.84	0.67386	-163.71	0.87453	-164.91	0.6239	-148.23	-0.69
1	3	533	12750	8076	0.59061	-175.43	0.67757	-160.37	0.88676	-162.29	0.62284	-125.82	-0.82
1	3	534	13000	8076	0.589	162	0.69731	-157.26	0.882	-159.49	0.61984	-103.17	-0.76
1	3	535	13250	8076	0.58593	139.59	0.72946	-154.89	0.86168	-156.85	0.61366	-80.21	-0.53
1	3	536	13500	8076	0.58185	117.14	0.77071	-153.76	0.82885	-154.9	0.60796	-57.12	-0.16
1	3	537	13750	8076	0.57854	94.3	0.81512	-153.72	0.78997	-154.03	0.60179	-33.46	0.28
1	3	538	14000	8076	0.57469	71.26	0.85583	-155.17	0.75192	-154.35	0.59785	-9.76	0.74
1	3	539	14250	8076	0.57307	48.22	0.88452	-157.63	0.72141	-155.78	0.59583	13.9	1.11
1	3	540	14500	8076	0.57271	25.12	0.89427	-160.66	0.70203	-158.08	0.59595	37.37	1.35
1	3	541	14750	8076	0.57391	1.87	0.88341	-163.91	0.69588	-160.88	0.59776	60.71	1.41
1	3	542	0	8175	0.65216	-86.47	0.6888	-169.98	0.73036	-168.07	0.67599	148.63	0.32
1	3	543	227	8175	0.65556	-107.17	0.6559	-168.61	0.76474	-167.64	0.68114	169.06	-0.11
1	3	544	454	8175	0.65812	-127.68	0.63201	-166.23	0.79699	-166.28	0.68521	-170.62	-0.49
1	3	545	681	8175	0.65967	-148.09	0.61841	-163.18	0.82123	-164.14	0.68691	-150.33	-0.77
1	3	546	908	8175	0.65975	-168.43	0.61751	-159.73	0.8334	-161.42	0.68679	-129.94	-0.9
1	3	547	1135	8175	0.6586	171.19	0.62962	-156.43	0.83239	-158.52	0.68408	-109.47	-0.88
1	3	548	1362	8175	0.65665	150.74	0.65523	-153.73	0.81832	-155.83	0.68061	-88.9	-0.71
1	3	549	1589	8175	0.65403	130.19	0.69112	-151.84	0.7926	-153.73	0.67512	-68	-0.41
1	3	550	1816	8175	0.64912	109.67	0.73113	-151.23	0.75781	-152.38	0.66866	-46.97	0.03
1	3	551	2043	8175	0.64578	88.75	0.77391	-151.88	0.72169	-152.23	0.66388	-25.78	0.49
1	3	552	2270	8175	0.643	67.65	0.81139	-153.86	0.68871	-153.1	0.6589	-4.56	0.92
1	3	553	2497	8175	0.64158	46.53	0.83741	-156.78	0.66281	-154.85	0.65689	16.64	1.27
1	3	554	2724	8175	0.64113	25.31	0.84669	-160.1	0.64606	-157.36	0.65639	37.89	1.5
1	3	555	2951	8175	0.6421	4.13	0.83861	-163.46	0.64106	-160.29	0.6583	58.98	1.55
1	3	556	3178	8175	0.64348	-16.96	0.81509	-166.5	0.64693	-163.07	0.66093	79.95	1.46
1	3	557	3405	8175	0.64627	-37.98	0.77972	-168.73	0.66352	-165.44	0.66513	100.8	1.21
1	3	558	3632	8175	0.6486	-58.85	0.74047	-170.01	0.68894	-167.17	0.67017	121.39	0.87
1	3	559	3859	8175	0.65045	-79.68	0.70141	-170.13	0.71975	-168.04	0.67583	141.91	0.47
1	3	560	4086	8175	0.6528	-100.49	0.66646	-169.18	0.755	-167.94	0.68019	162.42	0.03
1	3	561	4313	8175	0.65402	-120.99	0.6399	-167.2	0.788	-166.85	0.68378	-177.34	-0.35
1	3	562	4540	8175	0.6546	-141.46	0.62366	-164.31	0.81595	-164.84	0.68536	-156.96	-0.66
1	3	563	4767	8175	0.65494	-161.93	0.61966	-160.93	0.83473	-162.38	0.68525	-136.59	-0.86
1	3	564	4994	8175	0.65311	177.64	0.62849	-157.5	0.83881	-159.47	0.68222	-116	-0.89
1	3	565	5221	8175	0.65036	157.16	0.65098	-154.54	0.82978	-156.63	0.67849	-95.26	-0.77
1	3	566	5448	8175	0.64607	136.57	0.68367	-152.36	0.8062	-154.21	0.67177	-74.28	-0.48
1	3	567	5675	8175	0.64293	115.92	0.72402	-151.24	0.77363	-152.6	0.66552	-53.12	-0.09
1	3	568	5902	8175	0.63954	95.04	0.7672	-151.4	0.73723	-151.96	0.66022	-31.66	0.36
1	3	569	6129	8175	0.63727	74.05	0.8062	-152.8	0.70158	-152.31	0.65561	-10.02	0.82
1	3	570	6356	8175	0.6332	53.21	0.83275	-155.31	0.67146	-153.77	0.65474	11.38	1.23
1	3	571	6583	8175	0.62838	31.83	0.8429	-158.56	0.64968	-156.19	0.65602	32.78	1.56
1	3	572	6810	8175	0.63075	10.34	0.84116	-162.02	0.64155	-159.08	0.65822	54	1.65
1	3	573	7037	8175	0.63639	-10.8	0.82231	-165.15	0.64599	-161.95	0.66038	74.98	1.54
1	3	574	7264	8175	0.63979	-31.82	0.79153	-167.61	0.65985	-164.51	0.6644	95.73	1.32
1	3	575	7491	8175	0.64296	-52.74	0.75364	-169.28	0.68224	-166.45	0.6696	116.23	1
1	3	576	7718	8175	0.64604	-73.79	0.71344	-169.94	0.71296	-167.74	0.6743	136.62	0.59
1	3	577	7945	8175	0.64868	-94.74	0.67805	-169.47	0.74708	-168.02	0.67978	156.93	0.16
1	3	578	8172	8175	0.64994	-115.68	0.64742	-167.87	0.78044	-167.44	0.68253	177.14	-0.23
1	3	579	8399	8175	0.65077	-136.39	0.62757	-165.42	0.8096	-165.91	0.68519	-162.66	-0.56
1	3	580	8626	8175	0.65124	-157	0.6208	-162.34	0.83043	-163.66	0.68647	-142.47	-0.78
1	3	581	8853	8175	0.65103	-177.53	0.62562	-158.98	0.83932	-160.97	0.6845	-122.08	-0.87
1	3	582	9080	8175	0.65036	162.08	0.64447	-155.92	0.83476	-158.19	0.68124	-101.6	-0.82
1	3	583	9307	8175	0.64784	141.72	0.67433	-153.46	0.81526	-155.56	0.67587	-80.77	-0.59
1	3	584	9534	8175	0.64351	121.23	0.7122	-152.09	0.78354	-153.56	0.66965	-59.74	-0.2
1	3	585	9761	8175	0.64018	100.56	0.75444	-151.85	0.74792	-152.56	0.66434	-38.42	0.23
1	3	586	9988	8175	0.63663	79.81	0.79528	-152.84	0.71154	-152.54	0.65999	-16.95	0.7
1	3	587	10215	8175	0.63435	58.92	0.8273	-154.88	0.68019	-153.63	0.65644	4.57	1.11
1	3	588	10442	8175	0.63367	37.96	0.84656	-157.72	0.65766	-155.57	0.65545	26.07	1.41
1	3	589	10669	8175	0.63402	16.98	0.84756	-160.91	0.64607	-158.11	0.65536	47.34	1.56
1	3	590	10896	8175	0.63588	-4.09	0.83326	-164.15	0.6453	-160.96	0.65896	68.39	1.55
1	3	591	11123	8175	0.63783	-25.31	0.8042	-166.88	0.65552	-163.71	0.66341	89.34	1.4
1	3	592	11350	8175	0.64122	-46.41	0.76575	-168.83	0.67551	-165.93	0.66882	110.07	1.11
1	3	593	11577	8175	0.64387	-67.47	0.72524	-169.87	0.70218	-167.42	0.67511	130.51	0.75
1	3	594	11804	8175	0.64693	-88.47	0.68639	-169.76	0.73441	-168.02	0.68063	150.88	0.33
1	3	595	12031	8175	0.64989	-109.33	0.6541	-168.5	0.76835	-167.71	0.68584	171.02	-0.09
1	3	596	12258	8175	0.65175	-130.09	0.6304	-166.31	0.79971	-166.52	0.6888	-168.88	-0.46
1	3	597	12485	8175	0.65297	-150.65	0.61823	-163.32	0.82372	-164.51	0.68989	-148.73	-0.73
1	3	598	12712	8175	0.6527	-171.2	0.62034	-160.03	0.83565	-161.86	0.68991	-128.36	-0.85
1	3	599	12939	8175	0.65205	168.36	0.63426	-156.77	0.83497	-159	0.68682	-107.9	-0.84
1	3	600	13166	8175	0.64993	147.95	0.661	-154.07	0.81883	-156.23	0.68246	-87.07	-0.65
1	3	601	13393	8175	0.64717	127.45	0.69656	-152.28	0.79157	-154	0.67669	-65.98	-0.33
1	3	602	13620	8175	0.64296	106.83	0.73839	-151.72	0.75505	-152.6	0.67191	-44.69	0.12
1	3	603	13847	8175	0.63985	86.12	0.77867	-152.27	0.71785	-152.31	0.66647	-23.22	0.59
1	3	604	14074	8175	0.63773	65.38	0.81463	-154.07	0.68473	-153.07	0.663	-1.77	1.02
1	3	605	14301	8175	0.63675	44.43	0.83682	-156.69	0.65874	-154.83	0.66085	19.69	1.37
1	3	606	14528	8175	0.63701	23.37	0.84414	-159.91	0.64337	-157.34	0.66137	40.99	1.57
1	3	607	14755	8175	0.63871	2.31	0.83382	-163.14	0.63884	-160.09	0.66391	62.24	1.62
1	3	608	0	8274	0.72069	-85.25	0.62273	-169.71	0.66357	-167.62	0.74598	149.73	0.38
1	3	609	205	8274	0.72327	-103.94	0.59238	-168.51	0.69436	-167.21	0.751	168.16	-0.05
1	3	610	410	8274	0.72563	-122.48	0.56871	-166.33	0.72313	-165.88	0.75473	-173.38	-0.43
1	3	611	615	8274	0.72697	-140.95	0.55323	-163.54	0.74655	-163.87	0.75701	-155.09	-0.73
1	3	612	820	8274	0.72833	-159.33	0.54822	-160.14	0.76231	-161.3	0.75848	-136.68	-0.93
1	3	613	1025	8274	0.72679	-177.71	0.55285	-156.71	0.76569	-158.46	0.75671	-118.2	-0.94
1	3	614	1230	8274	0.72547	163.85	0.56906	-153.49	0.7589	-155.61	0.75427	-99.53	-0.85
1	3	615	1435	8274	0.72242	145.29	0.5951	-151.06	0.74034	-153.15	0.75008	-80.87	-0.59
1	3	616	1640	8274	0.7195	126.73	0.62779	-149.41	0.71365	-151.31	0.74457	-61.99	-0.24
1	3	617	1845	8274	0.71509	108.03	0.66533	-149.06	0.68111	-150.27	0.7392	-43	0.23
1	3	618	2050	8274	0.71252	89.16	0.70383	-149.75	0.64882	-150.16	0.73379	-23.84	0.68
1	3	619	2255	8274	0.7111	70.16	0.73911	-151.69	0.61968	-151.07	0.73011	-4.78	1.1
1	3	620	2460	8274	0.70845	51.09	0.76456	-154.31	0.59469	-152.91	0.72714	14.49	1.49
1	3	621	2665	8274	0.70924	31.96	0.7772	-157.61	0.57955	-155.3	0.72596	33.64	1.7
1	3	622	2870	8274	0.71008	12.85	0.7759	-160.96	0.57274	-158.12	0.72683	52.73	1.79
1	3	623	3075	8274	0.71125	-6.25	0.76002	-164.25	0.57469	-161	0.72859	71.66	1.75
1	3	624	3280	8274	0.71301	-25.17	0.73404	-166.99	0.58516	-163.58	0.73268	90.45	1.57
1	3	625	3485	8274	0.71478	-44.06	0.70012	-168.86	0.60369	-165.69	0.73657	109.16	1.28
1	3	626	3690	8274	0.7168	-62.88	0.66365	-169.88	0.62824	-167.05	0.74138	127.81	0.91
1	3	627	3895	8274	0.719	-81.7	0.62886	-169.86	0.65774	-167.64	0.7463	146.34	0.48
1	3	628	4100	8274	0.72018	-100.41	0.59849	-168.78	0.68884	-167.41	0.75113	164.78	0.06
1	3	629	4305	8274	0.72198	-118.96	0.57467	-166.91	0.71957	-166.22	0.75386	-176.87	-0.34
1	3	630	4510	8274	0.72234	-137.41	0.55875	-164.09	0.74492	-164.27	0.75633	-158.47	-0.65
1	3	631	4715	8274	0.72229	-155.97	0.55226	-160.84	0.76308	-161.87	0.75693	-140.05	-0.85
1	3	632	4920	8274	0.72084	-174.44	0.55602	-157.38	0.77072	-159.04	0.75507	-121.48	-0.92
1	3	633	5125	8274	0.71847	167.07	0.57001	-154.1	0.76577	-156.13	0.75168	-102.75	-0.84
1	3	634	5330	8274	0.7159	148.41	0.59541	-151.46	0.74961	-153.57	0.7478	-83.92	-0.62
1	3	635	5535	8274	0.71445	129.79	0.62773	-149.62	0.72491	-151.44	0.74179	-64.81	-0.31
1	3	636	5740	8274	0.71104	111.05	0.66519	-148.9	0.69289	-150.15	0.73595	-45.61	0.13
1	3	637	5945	8274	0.70731	92.16	0.70422	-149.41	0.65881	-149.86	0.72964	-26.14	0.61
1	3	638	6150	8274	0.7035	73.35	0.73812	-150.94	0.62665	-150.58	0.72612	-6.68	1.09
1	3	639	6355	8274	0.69878	54.41	0.76199	-153.32	0.60021	-152.13	0.72619	12.69	1.52
1	3	640	6560	8274	0.69566	35.16	0.77423	-156.43	0.58103	-154.48	0.72707	31.94	1.84
1	3	641	6765	8274	0.69778	15.82	0.77471	-159.97	0.57269	-157.25	0.7277	51.05	1.94
1	3	642	6970	8274	0.70288	-3.4	0.76191	-163.27	0.57427	-160.23	0.72945	70.01	1.86
1	3	643	7175	8274	0.70752	-22.28	0.73867	-166.05	0.585	-162.8	0.73317	88.74	1.64
1	3	644	7380	8274	0.71019	-41.25	0.70549	-168.05	0.60223	-165.04	0.73723	107.46	1.36
1	3	645	7585	8274	0.71344	-60.26	0.6707	-169.39	0.62749	-166.67	0.74188	125.89	0.96
1	3	646	7790	8274	0.71544	-79.22	0.63554	-169.66	0.65627	-167.45	0.74723	144.29	0.54
1	3	647	7995	8274	0.717	-98.11	0.60453	-168.93	0.68736	-167.47	0.75148	162.54	0.12
1	3	648	8200	8274	0.71744	-116.92	0.57826	-167.33	0.71673	-166.61	0.75439	-179.29	-0.25
1	3	649	8405	8274	0.7185	-135.77	0.56116	-164.79	0.74316	-165.19	0.75719	-161.01	-0.58
1	3	650	8610	8274	0.71868	-154.41	0.55288	-161.76	0.76212	-162.85	0.75775	-142.7	-0.8
1	3	651	8815	8274	0.71871	-173.06	0.55549	-158.39	0.77091	-160.24	0.75672	-124.29	-0.9
1	3	652	9020	8274	0.7173	168.49	0.56949	-155.13	0.76752	-157.36	0.75486	-105.69	-0.84
1	3	653	9225	8274	0.71588	149.97	0.5928	-152.47	0.7533	-154.72	0.75106	-86.99	-0.66
1	3	654	9430	8274	0.71313	131.54	0.62348	-150.58	0.72835	-152.45	0.74497	-68.03	-0.33
1	3	655	9635	8274	0.70918	112.94	0.6598	-149.61	0.69638	-151.02	0.73922	-48.85	0.11
1	3	656	9840	8274	0.70615	94.31	0.69884	-149.89	0.663	-150.37	0.73502	-29.6	0.57
1	3	657	10045	8274	0.70456	75.61	0.73433	-151.1	0.63214	-150.73	0.73036	-10.15	1
1	3	658	10250	8274	0.70298	56.71	0.76148	-153.3	0.60573	-152.14	0.72663	9.25	1.39
1	3	659	10455	8274	0.70224	37.9	0.77867	-156.2	0.58663	-154.19	0.72601	28.58	1.68
1	3	660	10660	8274	0.70255	18.94	0.78158	-159.43	0.5765	-156.79	0.72713	47.75	1.83
1	3	661	10865	8274	0.70416	-0.07	0.76858	-162.61	0.57589	-159.69	0.72841	66.82	1.82
1	3	662	11070	8274	0.70628	-19.12	0.74519	-165.54	0.58387	-162.42	0.73312	85.69	1.67
1	3	663	11275	8274	0.70899	-38.16	0.71201	-167.82	0.60004	-164.69	0.7374	104.38	1.4
1	3	664	11480	8274	0.71076	-57.2	0.67574	-169.17	0.62198	-166.46	0.74298	122.94	1.07
1	3	665	11685	8274	0.71379	-76.15	0.6398	-169.66	0.64977	-167.45	0.74893	141.32	0.65
1	3	666	11890	8274	0.717	-95.09	0.60655	-169.23	0.68011	-167.63	0.75405	159.49	0.21
1	3	667	12095	8274	0.71859	-113.9	0.57936	-167.66	0.7097	-166.92	0.7588	177.75	-0.18
1	3	668	12300	8274	0.71917	-132.65	0.56072	-165.25	0.73554	-165.54	0.76247	-164.06	-0.49
1	3	669	12505	8274	0.72015	-151.29	0.5506	-162.23	0.75558	-163.33	0.76331	-145.77	-0.74
1	3	670	12710	8274	0.72046	-169.87	0.55101	-158.89	0.76673	-160.76	0.76234	-127.4	-0.87
1	3	671	12915	8274	0.72017	171.63	0.56299	-155.63	0.76644	-157.88	0.76039	-108.85	-0.86
1	3	672	13120	8274	0.71768	153.19	0.58436	-152.78	0.75251	-155.03	0.75672	-90.1	-0.67
1	3	673	13325	8274	0.71468	134.67	0.61334	-150.68	0.7282	-152.72	0.75098	-71.15	-0.35
1	3	674	13530	8274	0.71149	116.12	0.64932	-149.53	0.69727	-151.03	0.74615	-51.9	0.07
1	3	675	13735	8274	0.70947	97.42	0.68734	-149.63	0.66405	-150.27	0.7408	-32.61	0.52
1	3	676	13940	8274	0.70775	78.68	0.72356	-150.69	0.63153	-150.53	0.73705	-13.17	0.97
1	3	677	14145	8274	0.70544	59.79	0.75349	-152.77	0.60356	-151.78	0.73392	6.21	1.4
1	3	678	14350	8274	0.70632	40.96	0.7715	-155.53	0.58416	-153.7	0.73248	25.6	1.67
1	3	679	14555	8274	0.7051	22.07	0.77506	-158.79	0.57193	-156.27	0.73236	44.74	1.87
1	3	680	14760	8274	0.70746	3.12	0.76519	-162.01	0.56965	-159.15	0.73458	63.81	1.87
1	3	681	0	8373	0.79128	-83.63	0.5406	-169.14	0.57758	-166.87	0.81879	151.27	0.5
1	3	682	189	8373	0.79417	-100.86	0.51313	-168.04	0.60453	-166.38	0.82339	168.27	0.05
1	3	683	378	8373	0.79597	-117.99	0.49134	-166.08	0.63033	-165.15	0.82723	-174.81	-0.35
1	3	684	567	8373	0.79697	-135.03	0.47678	-163.37	0.65183	-163.18	0.83092	-157.85	-0.66
1	3	685	756	8373	0.79686	-152.02	0.46819	-160.11	0.6668	-160.7	0.83147	-140.88	-0.86
1	3	686	945	8373	0.79656	-168.99	0.46833	-156.61	0.67295	-157.85	0.83149	-123.79	-0.93
1	3	687	1134	8373	0.79526	173.99	0.47629	-153.12	0.6695	-154.99	0.82862	-106.6	-0.86
1	3	688	1323	8373	0.79358	156.9	0.49427	-150.19	0.65756	-152.25	0.82583	-89.41	-0.67
1	3	689	1512	8373	0.79154	139.76	0.51927	-147.99	0.63807	-149.92	0.82089	-72.11	-0.37
1	3	690	1701	8373	0.7883	122.61	0.54995	-146.66	0.61204	-148.42	0.81652	-54.66	0.05
1	3	691	1890	8373	0.78414	105.3	0.58308	-146.52	0.58261	-147.72	0.81079	-37.16	0.55
1	3	692	2079	8373	0.78292	87.93	0.61744	-147.28	0.5549	-147.86	0.80633	-19.47	0.99
1	3	693	2268	8373	0.78095	70.4	0.64792	-149.21	0.52963	-148.95	0.80123	-1.91	1.43
1	3	694	2457	8373	0.78036	52.8	0.6717	-151.84	0.50932	-150.89	0.79939	15.87	1.78
1	3	695	2646	8373	0.78023	35.19	0.68414	-155.14	0.49611	-153.37	0.79682	33.47	2.01
1	3	696	2835	8373	0.78076	17.55	0.68642	-158.74	0.49001	-156.2	0.79784	50.94	2.11
1	3	697	3024	8373	0.78269	0.03	0.67531	-162.03	0.49079	-159.09	0.79928	68.45	2.06
1	3	698	3213	8373	0.78451	-17.45	0.65483	-165.01	0.49907	-161.75	0.80197	85.83	1.89
1	3	699	3402	8373	0.7855	-34.97	0.62614	-167.3	0.51272	-164.15	0.80543	103.09	1.63
1	3	700	3591	8373	0.78776	-52.32	0.59564	-168.73	0.5329	-165.85	0.80959	120.31	1.26
1	3	701	3780	8373	0.78817	-69.63	0.56441	-169.45	0.55598	-166.76	0.81553	137.34	0.88
1	3	702	3969	8373	0.79017	-86.89	0.53537	-169.05	0.58342	-166.9	0.82019	154.44	0.43
1	3	703	4158	8373	0.79077	-104.1	0.51044	-167.79	0.61053	-166.26	0.82451	171.43	0.02
1	3	704	4347	8373	0.79218	-121.26	0.49062	-165.63	0.63713	-164.93	0.82792	-171.6	-0.37
1	3	705	4536	8373	0.79185	-138.33	0.4775	-162.8	0.65836	-162.83	0.82996	-154.62	-0.65
1	3	706	4725	8373	0.79138	-155.34	0.47196	-159.46	0.67282	-160.28	0.83047	-137.57	-0.83
1	3	707	4914	8373	0.78956	-172.4	0.47458	-155.96	0.6788	-157.36	0.82876	-120.42	-0.88
1	3	708	5103	8373	0.78776	170.49	0.48621	-152.62	0.67611	-154.37	0.82609	-103.13	-0.81
1	3	709	5292	8373	0.78526	153.29	0.50545	-149.72	0.66181	-151.76	0.82196	-85.71	-0.58
1	3	710	5481	8373	0.78275	136.17	0.53186	-147.64	0.63946	-149.49	0.81729	-68.19	-0.24
1	3	711	5670	8373	0.78152	118.84	0.56412	-146.49	0.61229	-147.99	0.81234	-50.47	0.16
1	3	712	5859	8373	0.77841	101.48	0.59722	-146.31	0.58204	-147.4	0.80602	-32.62	0.66
1	3	713	6048	8373	0.77829	84.06	0.63102	-147.25	0.55351	-147.69	0.80186	-14.61	1.1
1	3	714	6237	8373	0.77381	66.84	0.65812	-149.17	0.52704	-148.88	0.79995	3.31	1.6
1	3	715	6426	8373	0.76679	49.28	0.67434	-152.01	0.50582	-150.97	0.79895	21.11	2.07
1	3	716	6615	8373	0.76467	31.49	0.68211	-155.44	0.49281	-153.52	0.79807	38.71	2.33
1	3	717	6804	8373	0.76876	13.62	0.68223	-158.87	0.48901	-156.51	0.8002	56.35	2.33
1	3	718	6993	8373	0.77391	-3.9	0.66971	-162.16	0.49229	-159.41	0.80132	73.68	2.19
1	3	719	7182	8373	0.77733	-21.37	0.64823	-164.95	0.50206	-162.03	0.80458	90.99	1.96
1	3	720	7371	8373	0.78102	-38.83	0.62031	-167.2	0.51846	-164.16	0.80887	108.06	1.62
1	3	721	7560	8373	0.78401	-56.28	0.58991	-168.52	0.54026	-165.75	0.8136	125.15	1.21
1	3	722	7749	8373	0.78605	-73.77	0.55911	-169.14	0.56548	-166.61	0.81828	142	0.77
1	3	723	7938	8373	0.78772	-91.22	0.53059	-168.72	0.59264	-166.75	0.82302	158.83	0.34
1	3	724	8127	8373	0.78844	-108.58	0.50644	-167.44	0.61962	-166.11	0.82673	175.59	-0.06
1	3	725	8316	8373	0.78842	-125.99	0.4871	-165.28	0.64376	-164.86	0.82902	-167.58	-0.4
1	3	726	8505	8373	0.78873	-143.26	0.4755	-162.48	0.66356	-162.86	0.8315	-150.78	-0.66
1	3	727	8694	8373	0.78911	-160.53	0.47196	-159.24	0.67641	-160.31	0.83194	-133.8	-0.84
1	3	728	8883	8373	0.7881	-177.7	0.47674	-155.79	0.67936	-157.53	0.83064	-116.69	-0.86
1	3	729	9072	8373	0.78627	165.21	0.4911	-152.57	0.67232	-154.68	0.82915	-99.48	-0.73
1	3	730	9261	8373	0.78422	148.12	0.51182	-149.9	0.65565	-152.04	0.82427	-82.1	-0.48
1	3	731	9450	8373	0.78287	131.04	0.53907	-148.01	0.63282	-149.89	0.81898	-64.53	-0.15
1	3	732	9639	8373	0.78001	113.98	0.57129	-147.03	0.604	-148.46	0.81412	-46.81	0.31
1	3	733	9828	8373	0.77758	96.77	0.60418	-147.15	0.57443	-147.99	0.80833	-29.02	0.79
1	3	734	10017	8373	0.77528	79.56	0.63605	-148.22	0.54623	-148.35	0.80381	-11.11	1.26
1	3	735	10206	8373	0.77479	62.25	0.66405	-150.17	0.52285	-149.66	0.80144	6.79	1.65
1	3	736	10395	8373	0.77399	44.93	0.68225	-152.96	0.50491	-151.62	0.79963	24.59	1.97
1	3	737	10584	8373	0.7752	27.41	0.68968	-156.18	0.49497	-154.23	0.79921	42.33	2.12
1	3	738	10773	8373	0.77584	9.99	0.68524	-159.51	0.49118	-157.04	0.80104	59.9	2.17
1	3	739	10962	8373	0.77732	-7.55	0.66825	-162.68	0.49535	-159.91	0.80272	77.37	2.08
1	3	740	11151	8373	0.77949	-25.01	0.64389	-165.43	0.50586	-162.39	0.80693	94.7	1.86
1	3	741	11340	8373	0.78132	-42.59	0.61398	-167.52	0.5223	-164.58	0.81209	111.81	1.55
1	3	742	11529	8373	0.78347	-60.15	0.58124	-168.82	0.54329	-166.03	0.81756	128.8	1.17
1	3	743	11718	8373	0.7855	-77.62	0.54975	-169.05	0.56748	-166.83	0.82351	145.79	0.75
1	3	744	11907	8373	0.78768	-95.06	0.52131	-168.58	0.59409	-166.87	0.8284	162.48	0.32
1	3	745	12096	8373	0.78992	-112.45	0.49692	-167.08	0.62004	-166.08	0.83314	179.28	-0.1
1	3	746	12285	8373	0.78943	-129.68	0.47978	-164.85	0.64188	-164.52	0.83697	-163.98	-0.39
1	3	747	12474	8373	0.79064	-146.95	0.46924	-161.86	0.66069	-162.4	0.83806	-147.07	-0.66
1	3	748	12663	8373	0.79035	-164.2	0.46706	-158.49	0.67062	-159.75	0.83857	-130.04	-0.79
1	3	749	12852	8373	0.79004	178.69	0.47423	-155.02	0.67211	-156.83	0.8368	-112.88	-0.8
1	3	750	13041	8373	0.789	161.65	0.48852	-151.83	0.6634	-153.96	0.8331	-95.64	-0.67
1	3	751	13230	8373	0.78669	144.57	0.51088	-149.3	0.64487	-151.37	0.82905	-78.17	-0.38
1	3	752	13419	8373	0.78422	127.47	0.53957	-147.57	0.61961	-149.37	0.82475	-60.53	0.01
1	3	753	13608	8373	0.78123	110.3	0.57151	-146.78	0.59029	-148.09	0.81867	-42.69	0.49
1	3	754	13797	8373	0.77958	93.04	0.60498	-147.12	0.56076	-147.78	0.81438	-24.91	0.96
1	3	755	13986	8373	0.7784	75.75	0.63601	-148.6	0.53427	-148.43	0.8101	-7.15	1.4
1	3	756	14175	8373	0.77795	58.48	0.66133	-150.7	0.51118	-149.94	0.80843	10.82	1.79
1	3	757	14364	8373	0.77743	41.11	0.67637	-153.6	0.49466	-152.15	0.80562	28.6	2.09
1	3	758	14553	8373	0.77867	23.74	0.68042	-156.83	0.48542	-154.75	0.80614	46.28	2.23
1	3	759	14742	8373	0.77976	6.31	0.6728	-160.09	0.48349	-157.65	0.80787	63.88	2.24
1	3	760	0	8524	0.88075	-80.91	0.4012	-167.83	0.43028	-165.24	0.91053	153.78	0.83
1	3	761	176	8524	0.88267	-96.93	0.38009	-166.89	0.4515	-164.61	0.91494	169.62	0.35
1	3	762	352	8524	0.88421	-112.8	0.36254	-165.07	0.47067	-163.18	0.91949	-174.55	-0.07
1	3	763	528	8524	0.88479	-128.73	0.34857	-162.48	0.48667	-161.27	0.92211	-158.72	-0.38
1	3	764	704	8524	0.88443	-144.58	0.3404	-159.29	0.49838	-158.7	0.92444	-142.85	-0.57
1	3	765	880	8524	0.88358	-160.47	0.3378	-155.65	0.50501	-155.92	0.92488	-126.95	-0.66
1	3	766	1056	8524	0.88304	-176.28	0.34044	-152.01	0.50383	-152.83	0.92495	-110.93	-0.62
1	3	767	1232	8524	0.88045	167.8	0.34971	-148.68	0.49626	-149.89	0.92192	-94.94	-0.4
1	3	768	1408	8524	0.87981	151.86	0.36462	-145.78	0.4834	-147.36	0.91858	-78.8	-0.15
1	3	769	1584	8524	0.87901	135.89	0.38518	-143.63	0.46566	-145.32	0.91361	-62.6	0.21
1	3	770	1760	8524	0.87574	119.86	0.40823	-142.49	0.44366	-144.21	0.90781	-46.34	0.73
1	3	771	1936	8524	0.87278	103.73	0.43407	-142.42	0.42114	-143.88	0.90235	-30	1.28
1	3	772	2112	8524	0.87149	87.51	0.45913	-143.41	0.40032	-144.38	0.89638	-13.57	1.76
1	3	773	2288	8524	0.87085	71.2	0.48327	-145.44	0.38236	-145.76	0.89199	2.79	2.18
1	3	774	2464	8524	0.87022	54.83	0.50217	-148.15	0.3682	-147.9	0.88884	19.27	2.53
1	3	775	2640	8524	0.87017	38.46	0.51428	-151.45	0.35887	-150.64	0.88799	35.66	2.75
1	3	776	2816	8524	0.87052	22.09	0.51723	-155.07	0.35472	-153.56	0.88759	51.98	2.84
1	3	777	2992	8524	0.87175	5.71	0.51118	-158.67	0.35594	-156.59	0.88858	68.24	2.78
1	3	778	3168	8524	0.87345	-10.57	0.49848	-161.98	0.36178	-159.39	0.89192	84.33	2.58
1	3	779	3344	8524	0.87445	-26.85	0.47885	-164.57	0.37192	-161.91	0.89429	100.46	2.31
1	3	780	3520	8524	0.87588	-43.03	0.45657	-166.56	0.38653	-163.75	0.89863	116.41	1.93
1	3	781	3696	8524	0.87672	-59.14	0.43299	-167.73	0.40401	-164.85	0.90415	132.37	1.52
1	3	782	3872	8524	0.87827	-75.33	0.4092	-167.97	0.42423	-165.42	0.90875	148.28	1.04
1	3	783	4048	8524	0.87931	-91.38	0.38905	-167.39	0.44589	-165.1	0.91488	164.07	0.57
1	3	784	4224	8524	0.88008	-107.41	0.37048	-165.8	0.46667	-164.02	0.91865	179.98	0.15
1	3	785	4400	8524	0.88023	-123.29	0.35659	-163.52	0.48579	-162.17	0.92166	-164.24	-0.2
1	3	786	4576	8524	0.88002	-139.21	0.34745	-160.52	0.50085	-159.81	0.92461	-148.36	-0.46
1	3	787	4752	8524	0.87993	-155.17	0.34348	-156.98	0.51121	-157.03	0.92455	-132.43	-0.64
1	3	788	4928	8524	0.87913	-171.01	0.34536	-153.35	0.51428	-153.93	0.92386	-116.4	-0.66
1	3	789	5104	8524	0.87633	173.02	0.35292	-149.81	0.50917	-150.93	0.92136	-100.28	-0.48
1	3	790	5280	8524	0.87451	157.02	0.36611	-146.66	0.49727	-148.21	0.91684	-84.01	-0.22
1	3	791	5456	8524	0.87255	140.95	0.38523	-144.25	0.47967	-145.88	0.91313	-67.61	0.16
1	3	792	5632	8524	0.87108	124.87	0.40801	-142.69	0.45793	-144.34	0.90764	-51.17	0.61
1	3	793	5808	8524	0.86908	108.78	0.43289	-142.17	0.43459	-143.61	0.9026	-34.58	1.12
1	3	794	5984	8524	0.86815	92.64	0.45822	-142.69	0.41105	-143.84	0.89595	-17.69	1.64
1	3	795	6160	8524	0.86691	76.47	0.48186	-144	0.39068	-144.86	0.89266	-0.97	2.12
1	3	796	6336	8524	0.86319	60.52	0.50039	-146.53	0.37382	-146.64	0.89187	15.42	2.61
1	3	797	6512	8524	0.85747	44.25	0.51117	-149.56	0.36136	-149.13	0.89092	31.96	3.07
1	3	798	6688	8524	0.85504	27.61	0.51517	-153.25	0.35489	-152.17	0.89008	48.31	3.29
1	3	799	6864	8524	0.85945	10.86	0.51279	-156.94	0.35512	-155.37	0.89149	64.64	3.16
1	3	800	7040	8524	0.86365	-5.37	0.50198	-160.26	0.3595	-158.2	0.89295	80.81	2.94
1	3	801	7216	8524	0.86769	-21.7	0.48568	-163.18	0.36922	-160.79	0.89691	96.77	2.58
1	3	802	7392	8524	0.87083	-37.91	0.46365	-165.47	0.38259	-162.72	0.90049	112.7	2.18
1	3	803	7568	8524	0.87381	-54.21	0.44092	-166.92	0.40031	-164.24	0.90548	128.45	1.69
1	3	804	7744	8524	0.87488	-70.54	0.41784	-167.66	0.41995	-165.05	0.91083	144.12	1.24
1	3	805	7920	8524	0.87692	-86.76	0.39597	-167.46	0.4411	-165.07	0.9155	159.76	0.75
1	3	806	8096	8524	0.87749	-103	0.37595	-166.41	0.46201	-164.47	0.91901	175.36	0.32
1	3	807	8272	8524	0.87725	-119.23	0.36018	-164.52	0.48065	-163.06	0.92254	-168.95	-0.01
1	3	808	8448	8524	0.87739	-135.48	0.34868	-161.82	0.49644	-161.12	0.92564	-153.17	-0.3
1	3	809	8624	8524	0.87702	-151.66	0.34256	-158.6	0.5068	-158.71	0.92749	-137.35	-0.46
1	3	810	8800	8524	0.87569	-167.64	0.34212	-155.06	0.51073	-155.81	0.92592	-121.47	-0.49
1	3	811	8976	8524	0.87558	176.38	0.34841	-151.58	0.50869	-152.84	0.92485	-105.56	-0.45
1	3	812	9152	8524	0.87389	160.5	0.36027	-148.26	0.49848	-150.01	0.92184	-89.4	-0.22
1	3	813	9328	8524	0.87289	144.63	0.37765	-145.67	0.48251	-147.45	0.91844	-73.13	0.1
1	3	814	9504	8524	0.87121	128.71	0.39928	-143.87	0.46234	-145.62	0.91297	-56.74	0.52
1	3	815	9680	8524	0.86816	112.79	0.42371	-143.02	0.43943	-144.52	0.90726	-40.23	1.06
1	3	816	9856	8524	0.86681	96.78	0.44916	-143.13	0.41645	-144.22	0.90312	-23.52	1.56
1	3	817	10032	8524	0.86616	80.71	0.47412	-144.24	0.39612	-144.93	0.89823	-6.87	2.02
1	3	818	10208	8524	0.86443	64.66	0.49541	-146.26	0.37827	-146.39	0.89426	9.8	2.47
1	3	819	10384	8524	0.86489	48.53	0.51151	-149.02	0.36567	-148.6	0.8935	26.41	2.75
1	3	820	10560	8524	0.86539	32.39	0.51857	-152.25	0.35816	-151.24	0.89117	42.85	2.92
1	3	821	10736	8524	0.86631	16.17	0.51743	-155.72	0.35548	-154.19	0.89192	59.21	2.95
1	3	822	10912	8524	0.86809	-0.1	0.50795	-159.08	0.35836	-157.16	0.89448	75.51	2.83
1	3	823	11088	8524	0.86841	-16.4	0.49043	-162.21	0.36477	-159.85	0.89711	91.64	2.67
1	3	824	11264	8524	0.87048	-32.86	0.46931	-164.7	0.37627	-162.23	0.90272	107.68	2.33
1	3	825	11440	8524	0.87248	-49.2	0.44374	-166.57	0.39073	-163.89	0.90692	123.57	1.94
1	3	826	11616	8524	0.87442	-65.56	0.41917	-167.57	0.40798	-164.95	0.91356	139.27	1.51
1	3	827	11792	8524	0.87626	-81.84	0.39551	-167.64	0.42683	-165.29	0.9197	154.98	1.05
1	3	828	11968	8524	0.87738	-98.01	0.37371	-166.91	0.44603	-164.85	0.92306	170.53	0.63
1	3	829	12144	8524	0.87882	-114.16	0.35626	-165.17	0.46458	-163.75	0.92778	-173.86	0.23
1	3	830	12320	8524	0.87972	-130.23	0.3435	-162.83	0.48137	-161.85	0.93097	-158.24	-0.11
1	3	831	12496	8524	0.87847	-146.31	0.3359	-159.7	0.49275	-159.54	0.93334	-142.49	-0.27
1	3	832	12672	8524	0.87925	-162.34	0.33351	-156.15	0.49922	-156.71	0.93376	-126.52	-0.41
1	3	833	12848	8524	0.87813	-178.4	0.33765	-152.56	0.49863	-153.75	0.93227	-110.55	-0.36
1	3	834	13024	8524	0.8768	165.7	0.3468	-149.18	0.49025	-150.76	0.92994	-94.48	-0.17
1	3	835	13200	8524	0.87475	149.72	0.3618	-146.34	0.47588	-148.16	0.92555	-78.17	0.16
1	3	836	13376	8524	0.87313	133.89	0.38114	-144.24	0.45688	-145.94	0.92065	-61.8	0.56
1	3	837	13552	8524	0.87203	118	0.40372	-142.98	0.43463	-144.58	0.91617	-45.25	1.03
1	3	838	13728	8524	0.86964	102.02	0.42855	-142.77	0.41178	-144.04	0.91026	-28.63	1.58
1	3	839	13904	8524	0.86811	86.01	0.45287	-143.64	0.39007	-144.4	0.90602	-11.99	2.09
1	3	840	14080	8524	0.86768	69.89	0.47469	-145.39	0.37187	-145.74	0.90175	4.72	2.52
1	3	841	14256	8524	0.86835	53.7	0.49196	-147.98	0.35752	-147.8	0.90037	21.39	2.84
1	3	842	14432	8524	0.86786	37.54	0.50168	-151.18	0.34851	-150.45	0.8974	37.89	3.08
1	3	843	14608	8524	0.86948	21.37	0.502	-154.55	0.34384	-153.35	0.89678	54.41	3.15
1	3	844	14784	8524	0.87041	5.15	0.49586	-158.06	0.34517	-156.38	0.90007	70.5	3.08
1	3	845	0	8609	0.921	-79.01	0.30963	-166.81	0.33253	-164.1	0.95123	155.43	1.37
1	3	846	162	8609	0.92251	-93.82	0.29453	-165.94	0.34807	-163.4	0.95708	170.03	0.9
1	3	847	324	8609	0.924	-108.49	0.28075	-164.42	0.36242	-162.08	0.96153	-175.37	0.47
1	3	848	486	8609	0.92394	-123.16	0.2696	-162.14	0.37492	-160.27	0.96398	-160.8	0.17
1	3	849	648	8609	0.92449	-137.76	0.26207	-159.34	0.38446	-157.9	0.96639	-146.29	-0.07
1	3	850	810	8609	0.92502	-152.37	0.25735	-156.02	0.38977	-155.22	0.9679	-131.59	-0.22
1	3	851	972	8609	0.92418	-166.89	0.25683	-152.52	0.3909	-152.25	0.96729	-116.9	-0.2
1	3	852	1134	8609	0.92241	178.57	0.26024	-149.09	0.38704	-149.41	0.96493	-102.15	-0.02
1	3	853	1296	8609	0.92034	163.77	0.26884	-145.87	0.37945	-146.69	0.96259	-87.29	0.26
1	3	854	1458	8609	0.91947	149.1	0.28089	-143.21	0.36835	-144.47	0.95884	-72.45	0.57
1	3	855	1620	8609	0.91828	134.42	0.2959	-141.2	0.35362	-142.84	0.9541	-57.48	0.98
1	3	856	1782	8609	0.9167	119.54	0.31378	-140.14	0.33769	-141.92	0.94912	-42.46	1.46
1	3	857	1944	8609	0.91402	104.76	0.33299	-140.14	0.32135	-141.65	0.94452	-27.49	2.02
1	3	858	2106	8609	0.91263	89.75	0.35252	-140.94	0.30634	-142.32	0.93839	-12.33	2.51
1	3	859	2268	8609	0.91152	74.76	0.37077	-142.69	0.29288	-143.71	0.93439	2.75	2.95
1	3	860	2430	8609	0.91123	59.81	0.38569	-145.21	0.28208	-145.77	0.93114	17.9	3.29
1	3	861	2592	8609	0.91076	44.67	0.39701	-148.23	0.27491	-148.27	0.92984	32.94	3.53
1	3	862	2754	8609	0.91207	29.6	0.40268	-151.73	0.2715	-151.06	0.9293	47.95	3.58
1	3	863	2916	8609	0.91273	14.56	0.40145	-155.2	0.27143	-154.09	0.92935	62.93	3.55
1	3	864	3078	8609	0.91327	-0.5	0.3949	-158.49	0.27457	-156.9	0.93123	77.85	3.43
1	3	865	3240	8609	0.91547	-15.45	0.38324	-161.6	0.28109	-159.37	0.93276	92.57	3.12
1	3	866	3402	8609	0.91578	-30.35	0.3671	-164	0.28942	-161.46	0.9364	107.36	2.85
1	3	867	3564	8609	0.91693	-45.28	0.35042	-165.69	0.30116	-163.09	0.94148	122.07	2.44
1	3	868	3726	8609	0.9179	-60.14	0.33302	-166.71	0.31498	-163.96	0.94592	136.72	2.01
1	3	869	3888	8609	0.91894	-75.02	0.3164	-166.85	0.33074	-164.26	0.95123	151.41	1.53
1	3	870	4050	8609	0.91917	-89.78	0.30097	-166.38	0.34675	-163.78	0.95617	165.95	1.11
1	3	871	4212	8609	0.92042	-104.42	0.28684	-165.05	0.3624	-162.69	0.95997	-179.49	0.66
1	3	872	4374	8609	0.92152	-119.16	0.27593	-163	0.37677	-161.07	0.96335	-164.91	0.26
1	3	873	4536	8609	0.92163	-133.83	0.2688	-160.27	0.38943	-158.72	0.96559	-150.31	-0.03
1	3	874	4698	8609	0.92126	-148.42	0.264	-157.06	0.39769	-156.1	0.96672	-135.65	-0.19
1	3	875	4860	8609	0.91928	-163.08	0.26316	-153.56	0.40045	-153.26	0.96661	-120.86	-0.15
1	3	876	5022	8609	0.91726	-177.74	0.26656	-150.12	0.39882	-150.29	0.96557	-106.01	-0.01
1	3	877	5184	8609	0.91593	167.46	0.27398	-146.65	0.39243	-147.47	0.96263	-91.04	0.2
1	3	878	5346	8609	0.91374	152.76	0.28538	-143.85	0.38126	-145.01	0.95929	-76.06	0.55
1	3	879	5508	8609	0.91223	138.04	0.29971	-141.73	0.36645	-143.09	0.95428	-60.98	0.97
1	3	880	5670	8609	0.91079	123.3	0.31645	-140.33	0.34869	-141.91	0.94976	-45.66	1.47
1	3	881	5832	8609	0.90952	108.36	0.33511	-139.84	0.33097	-141.48	0.94381	-30.36	1.98
1	3	882	5994	8609	0.9089	93.43	0.35421	-140.39	0.31415	-141.89	0.93766	-14.9	2.46
1	3	883	6156	8609	0.90888	78.55	0.37283	-141.62	0.29995	-142.89	0.93526	0.38	2.86
1	3	884	6318	8609	0.90483	63.95	0.3853	-143.88	0.28653	-144.76	0.93299	15.65	3.44
1	3	885	6480	8609	0.89767	48.98	0.39502	-146.86	0.27713	-147.29	0.93176	30.75	4.03
1	3	886	6642	8609	0.89416	33.62	0.40041	-150.34	0.27182	-150.1	0.93108	45.88	4.33
1	3	887	6804	8609	0.89834	18.27	0.40109	-153.86	0.27146	-153.16	0.93134	60.9	4.18
1	3	888	6966	8609	0.9031	3.2	0.39562	-157.25	0.27403	-156.03	0.93269	75.72	3.9
1	3	889	7128	8609	0.90641	-11.74	0.38614	-160.33	0.27991	-158.54	0.93471	90.42	3.57
1	3	890	7290	8609	0.9098	-26.66	0.3724	-162.89	0.28935	-160.67	0.93843	105.03	3.13
1	3	891	7452	8609	0.9121	-41.75	0.35607	-164.87	0.30045	-162.38	0.94275	119.74	2.7
1	3	892	7614	8609	0.91348	-56.68	0.33857	-166.19	0.31345	-163.45	0.94786	134.22	2.27
1	3	893	7776	8609	0.91543	-71.76	0.32117	-166.77	0.32874	-164.06	0.95252	148.64	1.76
1	3	894	7938	8609	0.91618	-86.65	0.30507	-166.49	0.34443	-163.91	0.95731	163.04	1.32
1	3	895	8100	8609	0.91749	-101.6	0.29096	-165.56	0.36028	-163.2	0.96191	177.39	0.86
1	3	896	8262	8609	0.91662	-116.54	0.27857	-163.81	0.37391	-161.78	0.96533	-168.15	0.58
1	3	897	8424	8609	0.91681	-131.53	0.26927	-161.29	0.38578	-159.95	0.96797	-153.63	0.3
1	3	898	8586	8609	0.91672	-146.36	0.26318	-158.38	0.39388	-157.6	0.96831	-139.14	0.12
1	3	899	8748	8609	0.91591	-161.11	0.26162	-155.06	0.39767	-154.88	0.96925	-124.55	0.08
1	3	900	8910	8609	0.91533	-175.87	0.264	-151.58	0.39701	-152.11	0.96784	-109.87	0.12
1	3	901	9072	8609	0.91528	169.43	0.27024	-148.29	0.39165	-149.25	0.96592	-95.05	0.24
1	3	902	9234	8609	0.91318	154.7	0.28078	-145.29	0.38062	-146.66	0.96255	-79.99	0.59
1	3	903	9396	8609	0.91228	140.06	0.29403	-142.94	0.36645	-144.57	0.95839	-64.93	0.97
1	3	904	9558	8609	0.91054	125.48	0.31061	-141.46	0.34998	-143.03	0.95359	-49.79	1.45
1	3	905	9720	8609	0.90742	110.88	0.32851	-140.75	0.33249	-142.29	0.94773	-34.61	2.03
1	3	906	9882	8609	0.90652	96.13	0.34794	-141.05	0.31633	-142.34	0.94342	-19.32	2.51
1	3	907	10044	8609	0.90505	81.35	0.36626	-142.1	0.30098	-143.13	0.93915	-3.9	3
1	3	908	10206	8609	0.90547	66.58	0.38178	-143.94	0.28867	-144.66	0.93515	11.51	3.35
1	3	909	10368	8609	0.90553	51.75	0.39401	-146.49	0.27927	-146.85	0.93302	26.75	3.63
1	3	910	10530	8609	0.9051	36.9	0.40126	-149.53	0.27346	-149.44	0.93259	41.86	3.83
1	3	911	10692	8609	0.90661	21.99	0.40241	-152.85	0.27123	-152.26	0.93209	56.96	3.84
1	3	912	10854	8609	0.90772	6.88	0.39768	-156.25	0.2721	-155.15	0.93507	72.02	3.76
1	3	913	11016	8609	0.90837	-8.08	0.38622	-159.46	0.2759	-157.76	0.93629	86.87	3.61
1	3	914	11178	8609	0.90997	-23.1	0.37076	-162.13	0.28277	-160.12	0.94065	101.66	3.33
1	3	915	11340	8609	0.91151	-38.07	0.35315	-164.41	0.29191	-161.93	0.94443	116.23	2.98
1	3	916	11502	8609	0.9127	-53.14	0.33518	-165.86	0.30329	-163.36	0.95064	130.73	2.59
1	3	917	11664	8609	0.9152	-68.18	0.31633	-166.66	0.3166	-164	0.95568	145.24	2.1
1	3	918	11826	8609	0.91642	-83.25	0.29877	-166.66	0.32997	-164.1	0.96085	159.69	1.68
1	3	919	11988	8609	0.91784	-98.19	0.28307	-165.9	0.34362	-163.52	0.96619	174.06	1.25
1	3	920	12150	8609	0.91811	-112.97	0.26952	-164.31	0.35606	-162.32	0.9696	-171.63	0.93
1	3	921	12312	8609	0.91888	-127.77	0.25992	-162.03	0.36804	-160.51	0.97306	-157.19	0.6
1	3	922	12474	8609	0.91794	-142.59	0.25296	-159.26	0.37589	-158.25	0.97489	-142.74	0.47
1	3	923	12636	8609	0.91764	-157.45	0.25005	-155.85	0.38009	-155.58	0.97601	-127.99	0.39
1	3	924	12798	8609	0.91706	-172.13	0.25062	-152.35	0.3801	-152.71	0.97387	-113.29	0.42
1	3	925	12960	8609	0.91626	173.2	0.25617	-149.06	0.37568	-149.84	0.97345	-98.62	0.56
1	3	926	13122	8609	0.91585	158.58	0.26476	-145.95	0.36677	-147.16	0.9696	-83.73	0.79
1	3	927	13284	8609	0.91365	143.93	0.27744	-143.54	0.35353	-144.91	0.96595	-68.68	1.21
1	3	928	13446	8609	0.91234	129.21	0.29187	-141.7	0.33744	-143.23	0.9609	-53.39	1.68
1	3	929	13608	8609	0.90958	114.53	0.30834	-140.81	0.32041	-142.28	0.95585	-38.05	2.26
1	3	930	13770	8609	0.90969	99.88	0.32576	-140.72	0.30394	-142.13	0.95074	-22.72	2.71
1	3	931	13932	8609	0.90773	85.15	0.34307	-141.63	0.2884	-142.78	0.94698	-7.45	3.26
1	3	932	14094	8609	0.90805	70.4	0.35914	-143.38	0.27624	-144.13	0.94227	7.83	3.62
1	3	933	14256	8609	0.90794	55.43	0.37111	-145.86	0.26581	-146.31	0.94018	23.19	3.95
1	3	934	14418	8609	0.90853	40.65	0.37868	-148.83	0.25908	-148.79	0.93935	38.42	4.15
1	3	935	14580	8609	0.90922	25.75	0.37965	-152.07	0.25536	-151.65	0.93771	53.53	4.25
1	3	936	14742	8609	0.9096	10.93	0.37562	-155.48	0.25502	-154.55	0.9395	68.51	4.24
1	3	937	0	8694	0.94208	-77.86	0.24856	-166.04	0.26723	-163.29	0.97288	156.56	1.97
1	3	938	152	8694	0.94239	-91.74	0.23628	-165.42	0.27795	-162.64	0.97828	170.19	1.61
1	3	939	304	8694	0.94442	-105.51	0.22565	-164.03	0.28948	-161.42	0.9819	-176.07	1.11
1	3	940	456	8694	0.94402	-119.22	0.21606	-161.96	0.29802	-159.68	0.9843	-162.41	0.88
1	3	941	608	8694	0.9456	-132.84	0.2087	-159.47	0.30571	-157.43	0.98687	-148.73	0.54
1	3	942	760	8694	0.94541	-146.58	0.20473	-156.45	0.31055	-154.84	0.98896	-134.98	0.42
1	3	943	912	8694	0.94431	-160.3	0.20311	-153.16	0.3125	-152.22	0.98849	-121.16	0.45
1	3	944	1064	8694	0.94324	-173.82	0.20374	-149.83	0.30988	-149.35	0.98645	-107.34	0.6
1	3	945	1216	8694	0.9418	172.26	0.2087	-146.57	0.30557	-146.78	0.98509	-93.46	0.83
1	3	946	1368	8694	0.9411	158.57	0.21584	-143.63	0.29813	-144.24	0.98216	-79.49	1.09
1	3	947	1520	8694	0.93988	144.7	0.22672	-141.23	0.28901	-142.41	0.97896	-65.57	1.45
1	3	948	1672	8694	0.93818	130.86	0.23882	-139.6	0.27735	-141.23	0.97383	-51.55	1.92
1	3	949	1824	8694	0.93518	116.99	0.25224	-138.84	0.26471	-140.54	0.96894	-37.41	2.53
1	3	950	1976	8694	0.93327	103.02	0.26661	-138.91	0.25164	-140.61	0.96411	-23.24	3.09
1	3	951	2128	8694	0.93229	88.99	0.28236	-139.82	0.24082	-141.4	0.96005	-9.16	3.53
1	3	952	2280	8694	0.93184	74.96	0.29609	-141.46	0.23132	-142.92	0.95528	5.08	3.91
1	3	953	2432	8694	0.93101	60.86	0.30758	-143.96	0.22334	-144.9	0.95245	19.2	4.27
1	3	954	2584	8694	0.93136	46.74	0.31537	-146.92	0.21769	-147.37	0.94904	33.34	4.47
1	3	955	2736	8694	0.93177	32.56	0.32152	-150.11	0.21534	-150.1	0.94939	47.42	4.54
1	3	956	2888	8694	0.93317	18.36	0.32291	-153.38	0.21584	-152.8	0.94965	61.48	4.43
1	3	957	3040	8694	0.93403	4.29	0.31835	-156.65	0.2176	-155.56	0.95117	75.46	4.3
1	3	958	3192	8694	0.93558	-9.76	0.31075	-159.7	0.2219	-158.03	0.95367	89.36	4.03
1	3	959	3344	8694	0.93626	-23.77	0.30004	-162.24	0.22858	-160.19	0.95656	103.16	3.73
1	3	960	3496	8694	0.93626	-37.84	0.28804	-164.34	0.23716	-161.87	0.95983	116.94	3.41
1	3	961	3648	8694	0.93687	-51.77	0.27467	-165.65	0.24687	-163.01	0.96496	130.74	3.02
1	3	962	3800	8694	0.9382	-65.62	0.26104	-166.24	0.25774	-163.53	0.96929	144.57	2.56
1	3	963	3952	8694	0.94027	-79.55	0.24853	-166.32	0.27038	-163.45	0.97387	158.26	2
1	3	964	4104	8694	0.94062	-93.4	0.23774	-165.6	0.28309	-162.8	0.97871	171.9	1.58
1	3	965	4256	8694	0.94022	-107.18	0.22798	-164.01	0.29494	-161.52	0.98238	-174.39	1.25
1	3	966	4408	8694	0.94074	-120.89	0.21999	-162.08	0.30582	-159.66	0.98608	-160.74	0.9
1	3	967	4560	8694	0.94075	-134.74	0.21463	-159.29	0.31518	-157.39	0.98848	-147	0.64
1	3	968	4712	8694	0.93985	-148.35	0.21092	-156.23	0.32036	-154.75	0.98832	-133.2	0.56
1	3	969	4864	8694	0.93796	-162.11	0.21066	-152.98	0.32266	-151.99	0.98879	-119.34	0.63
1	3	970	5016	8694	0.93556	-175.85	0.21252	-149.56	0.32102	-149.22	0.98707	-105.38	0.83
1	3	971	5168	8694	0.93441	170.25	0.2177	-146.27	0.31575	-146.56	0.98521	-91.37	1.05
1	3	972	5320	8694	0.93295	156.47	0.22574	-143.52	0.3076	-144.23	0.98161	-77.31	1.37
1	3	973	5472	8694	0.93176	142.52	0.23656	-141.1	0.29642	-142.33	0.977	-63.06	1.76
1	3	974	5624	8694	0.93153	128.71	0.24851	-139.57	0.28336	-140.97	0.97202	-48.8	2.17
1	3	975	5776	8694	0.93053	114.76	0.2626	-138.7	0.27003	-140.39	0.96737	-34.46	2.65
1	3	976	5928	8694	0.93019	100.77	0.27826	-138.65	0.25768	-140.39	0.96274	-20.15	3.07
1	3	977	6080	8694	0.93021	86.84	0.29241	-139.62	0.24528	-141.22	0.95736	-5.68	3.5
1	3	978	6232	8694	0.92546	72.94	0.30476	-141.43	0.23441	-142.93	0.95506	8.67	4.17
1	3	979	6384	8694	0.91926	59	0.31282	-143.97	0.22502	-145.09	0.95323	22.98	4.86
1	3	980	6536	8694	0.91504	44.71	0.31991	-146.99	0.21948	-147.62	0.95229	37.19	5.29
1	3	981	6688	8694	0.91548	30.33	0.32399	-150.2	0.21741	-150.44	0.95077	51.27	5.35
1	3	982	6840	8694	0.91965	16	0.3241	-153.6	0.21781	-153.17	0.95173	65.32	5.12
1	3	983	6992	8694	0.9242	1.92	0.31954	-156.81	0.22029	-155.84	0.95438	79.18	4.78
1	3	984	7144	8694	0.92672	-12.08	0.31129	-159.65	0.22557	-158.22	0.9561	93.01	4.43
1	3	985	7296	8694	0.92964	-26.12	0.30109	-162.17	0.23293	-160.26	0.9587	106.62	3.98
1	3	986	7448	8694	0.93228	-40.18	0.28871	-164.13	0.24203	-161.92	0.96314	120.45	3.49
1	3	987	7600	8694	0.9339	-54.2	0.27502	-165.54	0.2523	-162.92	0.96753	134.01	3.03
1	3	988	7752	8694	0.93423	-68.25	0.26185	-166.21	0.26388	-163.48	0.972	147.6	2.62
1	3	989	7904	8694	0.93477	-82.28	0.24911	-166.18	0.27575	-163.4	0.97613	161.04	2.2
1	3	990	8056	8694	0.93552	-96.46	0.23783	-165.42	0.28811	-162.92	0.98141	174.64	1.77
1	3	991	8208	8694	0.93604	-110.43	0.22739	-164.07	0.29923	-161.6	0.98412	-171.88	1.41
1	3	992	8360	8694	0.93595	-124.46	0.21954	-162.16	0.30947	-160.15	0.98687	-158.4	1.12
1	3	993	8512	8694	0.93515	-138.3	0.21346	-159.45	0.31662	-157.91	0.98875	-144.82	0.98
1	3	994	8664	8694	0.93536	-152.27	0.21055	-156.45	0.32124	-155.43	0.99036	-131.05	0.84
1	3	995	8816	8694	0.93391	-166.22	0.21008	-153.13	0.32134	-152.81	0.98921	-117.23	0.93
1	3	996	8968	8694	0.93333	-179.99	0.21285	-149.82	0.31888	-150.04	0.98865	-103.41	1.03
1	3	997	9120	8694	0.932	166.29	0.21848	-146.67	0.31312	-147.36	0.98642	-89.52	1.27
1	3	998	9272	8694	0.9314	152.5	0.22679	-143.93	0.30411	-145.05	0.98243	-75.43	1.56
1	3	999	9424	8694	0.93034	138.72	0.23723	-141.74	0.29167	-143.16	0.97848	-61.14	1.99
1	3	1000	9576	8694	0.92853	125.01	0.24969	-140.42	0.27897	-141.89	0.97394	-47	2.48
1	3	1001	9728	8694	0.92677	111.33	0.26375	-139.75	0.2656	-141.3	0.96813	-32.69	3.01
1	3	1002	9880	8694	0.9255	97.47	0.27855	-139.88	0.25309	-141.46	0.96405	-18.34	3.5
1	3	1003	10032	8694	0.92449	83.59	0.29289	-140.8	0.24135	-142.22	0.9603	-3.82	3.97
1	3	1004	10184	8694	0.9242	69.75	0.30523	-142.41	0.23166	-143.65	0.95609	10.57	4.34
1	3	1005	10336	8694	0.92403	55.84	0.31559	-144.8	0.22441	-145.61	0.95409	24.79	4.63
1	3	1006	10488	8694	0.92349	41.89	0.32217	-147.67	0.2196	-148.03	0.95196	39.03	4.85
1	3	1007	10640	8694	0.92442	27.86	0.32458	-150.77	0.21646	-150.71	0.95296	53.36	4.92
1	3	1008	10792	8694	0.92595	13.87	0.32168	-153.91	0.21614	-153.45	0.95399	67.44	4.85
1	3	1009	10944	8694	0.92652	-0.09	0.31457	-157.09	0.21821	-156.06	0.95534	81.32	4.73
1	3	1010	11096	8694	0.92807	-14.25	0.30485	-159.93	0.22275	-158.6	0.95812	95.19	4.46
1	3	1011	11248	8694	0.92845	-28.54	0.292	-162.56	0.22854	-160.58	0.96307	109.12	4.22
1	3	1012	11400	8694	0.9309	-42.59	0.27715	-164.3	0.23604	-162.15	0.96658	122.85	3.79
1	3	1013	11552	8694	0.93124	-56.64	0.26282	-165.65	0.24464	-163.07	0.97247	136.29	3.46
1	3	1014	11704	8694	0.93403	-70.74	0.24828	-166.19	0.25421	-163.57	0.97687	149.83	2.95
1	3	1015	11856	8694	0.9347	-84.76	0.23487	-166.04	0.26447	-163.32	0.98166	163.42	2.57
1	3	1016	12008	8694	0.93557	-98.86	0.22237	-165.26	0.27395	-162.73	0.98601	176.94	2.21
1	3	1017	12160	8694	0.93635	-112.7	0.21213	-163.79	0.28294	-161.5	0.99004	-169.66	1.87
1	3	1018	12312	8694	0.93592	-126.63	0.20469	-161.71	0.29123	-159.75	0.99282	-156.17	1.65
1	3	1019	12464	8694	0.93719	-140.65	0.19899	-158.95	0.29761	-157.6	0.99434	-142.46	1.38
1	3	1020	12616	8694	0.93632	-154.53	0.19595	-155.82	0.30032	-155.06	0.99517	-128.78	1.36
1	3	1021	12768	8694	0.93477	-168.32	0.19636	-152.6	0.30048	-152.33	0.99525	-115.1	1.45
1	3	1022	12920	8694	0.93509	177.94	0.19943	-149.16	0.29779	-149.53	0.99415	-101.21	1.51
1	3	1023	13072	8694	0.93364	164.16	0.20483	-146.15	0.29114	-146.85	0.99107	-87.25	1.8
1	3	1024	13224	8694	0.93292	150.37	0.21266	-143.51	0.28207	-144.54	0.98599	-73.11	2.12
1	3	1025	13376	8694	0.93111	136.61	0.22231	-141.47	0.27022	-142.86	0.98248	-58.91	2.61
1	3	1026	13528	8694	0.92889	122.89	0.23457	-140.17	0.25775	-141.64	0.978	-44.61	3.15
1	3	1027	13680	8694	0.92738	109.16	0.24729	-139.63	0.24469	-141.15	0.97296	-30.15	3.69
1	3	1028	13832	8694	0.92764	95.29	0.25975	-139.84	0.23211	-141.35	0.96798	-15.68	4.13
1	3	1029	13984	8694	0.92685	81.45	0.27198	-140.96	0.22093	-142.29	0.96516	-1.36	4.61
1	3	1030	14136	8694	0.92637	67.63	0.28309	-142.74	0.212	-143.82	0.9615	12.96	4.99
1	3	1031	14288	8694	0.92613	53.67	0.29289	-145.12	0.20564	-146.01	0.95983	27.31	5.27
1	3	1032	14440	8694	0.92734	39.67	0.29642	-148.08	0.20049	-148.57	0.9576	41.62	5.42
1	3	1033	14592	8694	0.92785	25.77	0.297	-151.34	0.19807	-151.27	0.95769	55.77	5.5
1	3	1034	14744	8694	0.92828	11.87	0.29343	-154.61	0.19804	-154.09	0.95661	69.81	5.47
1	3	1035	0	8780	0.94223	-77.8	0.24844	-166.12	0.26633	-163.26	0.973	156.46	1.99
1	3	1036	143	8780	0.94288	-90.79	0.23614	-165.5	0.27687	-162.67	0.97686	169.38	1.61
1	3	1037	286	8780	0.94452	-103.82	0.22632	-164.2	0.28755	-161.68	0.9808	-177.74	1.16
1	3	1038	429	8780	0.94516	-116.69	0.21778	-162.53	0.29681	-159.98	0.98384	-164.92	0.83
1	3	1039	572	8780	0.94554	-129.66	0.21023	-160.15	0.30344	-158.07	0.98684	-152	0.61
1	3	1040	715	8780	0.94632	-142.45	0.20577	-157.46	0.30901	-155.66	0.98833	-139.08	0.39
1	3	1041	858	8780	0.94561	-155.31	0.20338	-154.36	0.31243	-153.15	0.9884	-126.17	0.35
1	3	1042	1001	8780	0.9433	-168.21	0.20309	-151.25	0.31084	-150.65	0.98793	-113.14	0.57
1	3	1043	1144	8780	0.94231	178.93	0.20557	-148.13	0.30737	-148.07	0.98572	-100.08	0.74
1	3	1044	1287	8780	0.94059	165.89	0.21196	-145.14	0.30234	-145.7	0.98318	-86.98	1.01
1	3	1045	1430	8780	0.93963	152.89	0.22009	-142.57	0.2942	-143.6	0.98056	-73.81	1.31
1	3	1046	1573	8780	0.93846	140.01	0.23055	-140.57	0.28402	-141.91	0.97833	-60.62	1.7
1	3	1047	1716	8780	0.93789	126.94	0.2429	-139.28	0.27334	-140.89	0.97297	-47.45	2.07
1	3	1048	1859	8780	0.93513	113.81	0.25619	-138.69	0.26217	-140.45	0.96731	-34.13	2.62
1	3	1049	2002	8780	0.93356	100.67	0.26903	-139.08	0.24963	-140.72	0.96234	-20.84	3.14
1	3	1050	2145	8780	0.93211	87.51	0.28307	-140.03	0.23931	-141.53	0.95786	-7.57	3.6
1	3	1051	2288	8780	0.93166	74.2	0.29698	-141.61	0.23094	-143	0.95418	5.8	3.94
1	3	1052	2431	8780	0.93162	61.01	0.30766	-143.89	0.22328	-144.88	0.95227	19.09	4.23
1	3	1053	2574	8780	0.93178	47.7	0.31545	-146.7	0.21795	-147.2	0.94967	32.41	4.43
1	3	1054	2717	8780	0.93178	34.35	0.32076	-149.75	0.21565	-149.71	0.9476	45.67	4.52
1	3	1055	2860	8780	0.93267	21.09	0.32247	-152.85	0.21528	-152.34	0.94889	58.85	4.48
1	3	1056	3003	8780	0.93381	7.77	0.31946	-155.88	0.21661	-154.91	0.95039	72.01	4.36
1	3	1057	3146	8780	0.9348	-5.49	0.31397	-158.76	0.2207	-157.33	0.95293	85.12	4.13
1	3	1058	3289	8780	0.93527	-18.74	0.30505	-161.42	0.22615	-159.5	0.95518	98.16	3.89
1	3	1059	3432	8780	0.93639	-31.93	0.29412	-163.51	0.23374	-161.17	0.95914	111.15	3.53
1	3	1060	3575	8780	0.9368	-45.01	0.28158	-164.99	0.24208	-162.56	0.96346	124.15	3.2
1	3	1061	3718	8780	0.93835	-58.15	0.26895	-166.05	0.2522	-163.34	0.96709	137.08	2.74
1	3	1062	3861	8780	0.93755	-71.26	0.25657	-166.41	0.26282	-163.64	0.97165	150.01	2.43
1	3	1063	4004	8780	0.93966	-84.37	0.24543	-165.99	0.27541	-163.26	0.97456	162.87	1.88
1	3	1064	4147	8780	0.93955	-97.26	0.23491	-165.18	0.2863	-162.46	0.97976	175.77	1.55
1	3	1065	4290	8780	0.94062	-110.33	0.22622	-163.63	0.29796	-161.2	0.983	-171.34	1.13
1	3	1066	4433	8780	0.94117	-123.24	0.21911	-161.56	0.30771	-159.42	0.9854	-158.46	0.81
1	3	1067	4576	8780	0.94054	-136.14	0.21374	-159	0.31528	-157.14	0.98745	-145.49	0.65
1	3	1068	4719	8780	0.94046	-149	0.21089	-156.06	0.3204	-154.7	0.98837	-132.59	0.51
1	3	1069	4862	8780	0.9394	-161.92	0.21072	-152.99	0.32335	-152.02	0.98785	-119.57	0.51
1	3	1070	5005	8780	0.93671	-174.88	0.21252	-149.75	0.3217	-149.44	0.98653	-106.44	0.74
1	3	1071	5148	8780	0.93348	172.09	0.2167	-146.74	0.31674	-147	0.98406	-93.24	1.08
1	3	1072	5291	8780	0.93292	159.11	0.22477	-144	0.31015	-144.7	0.98238	-80.02	1.3
1	3	1073	5434	8780	0.93177	146.02	0.23396	-141.67	0.29973	-142.8	0.97807	-66.64	1.66
1	3	1074	5577	8780	0.9319	133	0.2445	-139.98	0.28763	-141.4	0.97366	-53.23	2.01
1	3	1075	5720	8780	0.93117	119.9	0.25777	-138.92	0.2751	-140.53	0.96966	-39.8	2.45
1	3	1076	5863	8780	0.93003	106.76	0.27137	-138.65	0.26252	-140.36	0.96417	-26.25	2.92
1	3	1077	6006	8780	0.93021	93.58	0.28524	-139.21	0.25048	-140.94	0.95897	-12.63	3.32
1	3	1078	6149	8780	0.9302	80.53	0.29725	-140.25	0.23933	-141.89	0.95557	0.9	3.71
1	3	1079	6292	8780	0.92343	67.58	0.30812	-142.36	0.23015	-143.77	0.95433	14.33	4.44
1	3	1080	6435	8780	0.91703	54.21	0.31586	-144.98	0.2229	-146.02	0.95151	27.81	5.05
1	3	1081	6578	8780	0.91544	40.72	0.32119	-147.97	0.21879	-148.48	0.95086	41.09	5.29
1	3	1082	6721	8780	0.91678	27.24	0.32475	-151.01	0.21727	-151.02	0.95154	54.28	5.29
1	3	1083	6864	8780	0.92045	13.81	0.32383	-154.14	0.21802	-153.67	0.95162	67.46	5.07
1	3	1084	7007	8780	0.924	0.57	0.31844	-157.03	0.22085	-156.11	0.95297	80.59	4.77
1	3	1085	7150	8780	0.92773	-12.65	0.31112	-159.75	0.22587	-158.39	0.95576	93.59	4.36
1	3	1086	7293	8780	0.92993	-25.78	0.30156	-162.16	0.23296	-160.23	0.95889	106.42	3.97
1	3	1087	7436	8780	0.93212	-39.09	0.2894	-164.07	0.24111	-161.78	0.96238	119.36	3.53
1	3	1088	7579	8780	0.93279	-52.23	0.27657	-165.37	0.25018	-162.79	0.96643	132.13	3.17
1	3	1089	7722	8780	0.93401	-65.45	0.26445	-166.04	0.26107	-163.41	0.97135	144.89	2.72
1	3	1090	7865	8780	0.93554	-78.69	0.25229	-166.28	0.27276	-163.43	0.97547	157.6	2.25
1	3	1091	8008	8780	0.93638	-91.97	0.24092	-165.79	0.28383	-163.04	0.97962	170.34	1.84
1	3	1092	8151	8780	0.9365	-105.13	0.23088	-164.71	0.29491	-162.12	0.98304	-177.02	1.5
1	3	1093	8294	8780	0.93625	-118.27	0.22258	-163.02	0.30508	-160.84	0.98612	-164.33	1.23
1	3	1094	8437	8780	0.93488	-131.48	0.21598	-160.74	0.31303	-159.02	0.98818	-151.46	1.09
1	3	1095	8580	8780	0.93438	-144.58	0.21181	-158.06	0.31821	-156.86	0.98954	-138.63	0.98
1	3	1096	8723	8780	0.93538	-157.63	0.20994	-155.12	0.32156	-154.44	0.98999	-125.77	0.83
1	3	1097	8866	8780	0.93413	-170.66	0.21087	-151.98	0.32163	-151.82	0.98919	-112.73	0.9
1	3	1098	9009	8780	0.93332	176.24	0.21389	-148.84	0.31789	-149.32	0.9884	-99.64	1.06
1	3	1099	9152	8780	0.93227	163.42	0.21978	-146.01	0.31105	-146.74	0.98541	-86.5	1.31
1	3	1100	9295	8780	0.93114	150.49	0.22835	-143.57	0.30218	-144.67	0.98168	-73.3	1.63
1	3	1101	9438	8780	0.93077	137.43	0.23834	-141.65	0.29115	-142.97	0.97687	-59.91	1.98
1	3	1102	9581	8780	0.92848	124.54	0.25002	-140.28	0.2784	-141.86	0.97287	-46.48	2.5
1	3	1103	9724	8780	0.92685	111.67	0.26379	-139.67	0.266	-141.25	0.96896	-33.06	2.99
1	3	1104	9867	8780	0.92577	98.7	0.27741	-139.85	0.25397	-141.3	0.9642	-19.51	3.46
1	3	1105	10010	8780	0.92568	85.6	0.29108	-140.6	0.24326	-142.02	0.96006	-5.92	3.84
1	3	1106	10153	8780	0.92539	72.55	0.30288	-142.03	0.23374	-143.39	0.95639	7.57	4.2
1	3	1107	10296	8780	0.92381	59.53	0.3135	-144.12	0.22604	-145.07	0.95429	21.04	4.58
1	3	1108	10439	8780	0.92521	46.39	0.32058	-146.7	0.22071	-147.24	0.95303	34.52	4.71
1	3	1109	10582	8780	0.92501	33.24	0.32422	-149.44	0.21732	-149.71	0.95302	47.95	4.85
1	3	1110	10725	8780	0.92604	20.16	0.32356	-152.52	0.21597	-152.17	0.95282	61.14	4.85
1	3	1111	10868	8780	0.92698	6.83	0.31878	-155.66	0.21723	-154.78	0.95374	74.3	4.74
1	3	1112	11011	8780	0.927	-6.42	0.31091	-158.48	0.21996	-157.17	0.95641	87.49	4.64
1	3	1113	11154	8780	0.92844	-19.69	0.30003	-161.08	0.22465	-159.31	0.9598	100.53	4.37
1	3	1114	11297	8780	0.92961	-32.96	0.28756	-163.13	0.23085	-161.11	0.96331	113.39	4.06
1	3	1115	11440	8780	0.93062	-46.35	0.2741	-164.82	0.23822	-162.39	0.96901	126.37	3.73
1	3	1116	11583	8780	0.9327	-59.54	0.2596	-165.79	0.24648	-163.17	0.97301	139.14	3.31
1	3	1117	11726	8780	0.93386	-72.7	0.24631	-166.32	0.25556	-163.51	0.97749	151.75	2.92
1	3	1118	11869	8780	0.93522	-85.99	0.23399	-165.98	0.26548	-163.41	0.98205	164.49	2.5
1	3	1119	12012	8780	0.93675	-99.24	0.22222	-165.35	0.27462	-162.69	0.98608	177.23	2.11
1	3	1120	12155	8780	0.93696	-112.31	0.21258	-163.87	0.28285	-161.54	0.98937	-170.11	1.84
1	3	1121	12298	8780	0.93661	-125.34	0.20559	-161.89	0.29104	-159.97	0.99295	-157.45	1.61
1	3	1122	12441	8780	0.93609	-138.54	0.20009	-159.39	0.29672	-157.89	0.99484	-144.5	1.48
1	3	1123	12584	8780	0.9357	-151.58	0.19661	-156.48	0.29954	-155.62	0.99534	-131.65	1.42
1	3	1124	12727	8780	0.9355	-164.46	0.19628	-153.52	0.301	-152.98	0.9953	-118.85	1.39
1	3	1125	12870	8780	0.93492	-177.5	0.19827	-150.28	0.29912	-150.41	0.99329	-105.76	1.48
1	3	1126	13013	8780	0.93465	169.4	0.20216	-147.28	0.29389	-147.93	0.99101	-92.58	1.65
1	3	1127	13156	8780	0.93296	156.62	0.20848	-144.61	0.28584	-145.52	0.9877	-79.46	2
1	3	1128	13299	8780	0.93236	143.67	0.21766	-142.38	0.27666	-143.71	0.98463	-66.18	2.32
1	3	1129	13442	8780	0.92981	130.67	0.22733	-140.91	0.26462	-142.3	0.97934	-52.66	2.87
1	3	1130	13585	8780	0.92851	117.71	0.23884	-139.98	0.25233	-141.51	0.97502	-39.15	3.36
1	3	1131	13728	8780	0.92784	104.79	0.25108	-139.76	0.24071	-141.32	0.97094	-25.69	3.8
1	3	1132	13871	8780	0.92629	91.77	0.26316	-140.16	0.22938	-141.65	0.96635	-12.11	4.31
1	3	1133	14014	8780	0.92682	78.69	0.2745	-141.35	0.21935	-142.67	0.96334	1.51	4.67
1	3	1134	14157	8780	0.92615	65.72	0.28457	-143.17	0.21115	-144.15	0.96074	14.97	5.04
1	3	1135	14300	8780	0.9262	52.64	0.29226	-145.39	0.20485	-146.31	0.95801	28.41	5.3
1	3	1136	14443	8780	0.92679	39.43	0.29666	-148.25	0.20038	-148.68	0.95724	41.86	5.46
1	3	1137	14586	8780	0.92672	26.34	0.29647	-151.26	0.19775	-151.21	0.95661	55.16	5.58
1	3	1138	14729	8780	0.92851	13.24	0.29466	-154.28	0.19831	-153.88	0.95808	68.39	5.45
